   681      582.544   0137   8   00  00  00  00  00  00  00  00
   909      682.467   0137   8   00  00  00  00  00  00  00  80
  1133      782.434   0137   8   00  00  00  00  00  00  00  80
  1355      882.486   0137   8   00  00  00  00  00  00  00  80
  1582      982.665   0137   8   00  00  00  00  00  00  00  80
  1802     1082.461   0137   8   00  00  00  00  00  00  00  80
  2024     1182.342   0137   8   00  00  00  00  00  00  00  80
  2241     1282.351   0137   8   00  00  00  00  00  00  00  80
  2469     1382.390   0137   8   00  00  00  00  00  00  00  80
  2708     1482.357   0137   8   00  00  00  00  00  00  00  18
  2944     1582.366   0137   8   00  00  00  00  00  00  00  18
  3168     1682.375   0137   8   00  00  00  00  00  00  00  18
  3392     1782.384   0137   8   00  00  00  00  00  00  00  18
  3615     1882.393   0137   8   00  00  00  00  00  00  00  18
  3841     1982.402   0137   8   00  00  00  00  00  00  00  18
  4062     2082.411   0137   8   00  00  00  00  00  00  00  18
  4283     2182.421   0137   8   00  00  00  00  00  00  00  18
  4504     2282.430   0137   8   00  00  00  00  00  00  00  18
  4738     2382.439   0137   8   00  00  00  00  00  00  00  18
  4994     2482.478   0137   8   00  00  00  00  00  00  00  18
  5235     2582.487   0137   8   00  00  00  00  00  00  00  18
  5458     2682.496   0137   8   00  00  00  00  00  00  00  18
  5683     2782.505   0137   8   00  00  00  00  00  00  00  18
  5905     2882.514   0137   8   00  00  00  00  00  00  00  18
  6131     2982.523   0137   8   00  00  00  00  00  00  00  18
  6353     3082.532   0137   8   00  00  00  00  00  00  00  18
  6575     3182.542   0137   8   00  00  00  00  00  00  00  18
  6797     3282.764   0137   8   00  00  00  00  00  00  00  18
  7025     3382.560   0137   8   00  00  00  00  00  00  00  18
  7265     3482.517   0137   8   00  00  00  00  00  00  00  18
  7501     3582.526   0137   8   00  00  00  00  00  00  00  18
  7726     3682.535   0137   8   00  00  00  00  00  00  00  18
  7951     3782.544   0137   8   00  00  00  00  00  00  00  18
  8174     3882.553   0137   8   00  00  00  00  00  00  00  18
  8397     3982.562   0137   8   00  00  00  00  00  00  00  18
  8613     4082.572   0137   8   00  00  00  00  00  00  00  18
  8830     4182.581   0137   8   00  00  00  00  00  00  00  18
  9047     4282.547   0137   8   00  00  00  00  00  00  00  18
  9278     4382.556   0137   8   00  00  00  00  00  00  00  18
  9531     4482.779   0137   8   00  00  00  00  00  00  00  18
  9770     4582.604   0137   8   00  00  00  00  00  00  00  18
  9991     4682.613   0137   8   00  00  00  00  00  00  00  18
 10213     4782.623   0137   8   00  00  00  00  00  00  00  18
 10433     4882.632   0137   8   00  00  00  00  00  00  00  18
 10655     4982.641   0137   8   00  00  00  00  00  00  00  18
 10874     5082.650   0137   8   00  00  00  00  00  00  00  18
 11095     5182.659   0137   8   00  00  00  00  00  00  00  18
 11316     5282.668   0137   8   00  00  00  00  00  00  00  18
 11543     5382.677   0137   8   00  00  00  00  00  00  00  18
 11782     5482.686   0137   8   00  00  00  00  00  00  00  18
 12015     5582.692   0137   8   00  00  00  00  00  00  00  18
 12236     5682.702   0137   8   00  00  00  00  00  00  00  18
 12457     5783.265   0137   8   00  00  00  00  00  00  00  18
 12673     5882.720   0137   8   00  00  00  00  00  00  00  18
 12893     5982.729   0137   8   00  00  00  00  00  00  00  18
 13109     6082.738   0137   8   00  00  00  00  00  00  00  18
 13326     6182.747   0137   8   00  00  00  00  00  00  00  18
 13542     6282.756   0137   8   00  00  00  00  00  00  00  18
 13774     6382.765   0137   8   00  00  00  00  00  00  00  18
 14026     6482.774   0137   8   00  00  00  00  00  00  00  18
 14265     6582.783   0137   8   00  00  00  00  00  00  00  18
 14487     6682.823   0137   8   00  00  00  00  00  00  00  18
 14711     6782.832   0137   8   00  00  00  00  00  00  00  18
 14933     6882.841   0137   8   00  00  00  00  00  00  00  18
 15157     6982.807   0137   8   00  00  00  00  00  00  00  18
 15376     7082.816   0137   8   00  00  00  00  00  00  00  18
 15595     7182.825   0137   8   00  00  00  00  00  00  00  18
 15812     7282.835   0137   8   00  00  00  00  00  00  00  18
 16035     7382.844   0137   8   00  00  00  00  00  00  00  18
 16271     7482.853   0137   8   00  00  00  00  00  00  00  18
 16502     7582.862   0137   8   00  00  00  00  00  00  00  18
 16722     7682.779   0137   8   00  00  00  00  00  00  00  18
 16942     7782.788   0137   8   00  00  00  00  00  00  00  18
 17160     7882.797   0137   8   00  00  00  00  00  00  00  18
 17380     7982.806   0137   8   00  00  00  00  00  00  00  18
 17597     8082.815   0137   8   00  00  00  00  00  00  00  18
 17817     8182.824   0137   8   00  00  00  00  00  00  00  18
 18036     8282.834   0137   8   00  00  00  00  00  00  00  18
 18270     8382.843   0137   8   00  00  00  00  00  00  00  18
 18527     8482.852   0137   8   00  00  00  00  00  00  00  18
 18766     8582.861   0137   8   00  00  00  00  00  00  00  18
 18988     8682.870   0137   8   00  00  00  00  00  00  00  18
 19209     8782.909   0137   8   00  00  00  00  00  00  00  18
 19428     8882.918   0137   8   00  00  00  00  00  00  00  18
 19650     8982.927   0137   8   00  00  00  00  00  00  00  18
 19866     9082.936   0137   8   00  00  00  00  00  00  00  18
 20084     9182.945   0137   8   00  00  00  00  00  00  00  18
 20300     9282.955   0137   8   00  00  00  00  00  00  00  18
 20527     9383.390   0137   8   00  00  00  00  00  00  00  18
 20761     9482.973   0137   8   00  00  00  00  00  00  00  18
 20992     9582.939   0137   8   00  00  00  00  00  00  00  18
 21211     9682.991   0137   8   00  00  00  00  00  00  00  18
 21433     9782.987   0137   8   00  00  00  00  00  00  00  18
 21653     9882.997   0137   8   00  00  00  00  00  00  00  18
 21877     9983.006   0137   8   00  00  00  00  00  00  00  18
 22098    10083.015   0137   8   00  00  00  00  00  00  00  18
 22319    10183.024   0137   8   00  00  00  00  00  00  00  18
 22539    10283.033   0137   8   00  00  00  00  00  00  00  18
 22773    10383.469   0137   8   00  00  00  00  00  00  00  18
 23024    10483.051   0137   8   00  00  00  00  00  00  00  18
 23262    10583.316   0137   8   00  00  00  00  00  00  00  18
 23482    10683.325   0137   8   00  00  00  00  00  00  00  18
 23703    10783.292   0137   8   00  00  00  00  00  00  00  18
 23921    10883.416   0137   8   00  00  00  00  00  00  00  18
 24142    10983.340   0137   8   00  00  00  00  00  00  00  18
 24358    11083.392   0137   8   00  00  00  00  00  00  00  18
 24575    11183.358   0137   8   00  00  00  00  00  00  00  18
 24793    11283.325   0137   8   00  00  00  00  00  00  00  18
 25019    11383.504   0137   8   00  00  00  00  00  00  00  18
 25256    11483.386   0137   8   00  00  00  00  00  00  00  18
 25490    11583.352   0137   8   00  00  00  00  00  00  00  18
 25713    11683.318   0137   8   00  00  00  00  00  00  00  18
 25937    11783.328   0137   8   00  00  00  00  00  00  00  18
 26158    11883.367   0137   8   00  00  00  00  00  00  00  18
 26380    11983.418   0137   8   00  00  00  00  00  00  00  18
 26596    12083.427   0137   8   00  00  00  00  00  00  00  18
 26814    12183.394   0137   8   00  00  00  00  00  00  00  18
 27030    12283.403   0137   8   00  00  00  00  00  00  00  18
 27261    12383.583   0137   8   00  00  00  00  00  00  00  18
 27513    12483.421   0137   8   00  00  00  00  00  00  00  18
 27750    12583.388   0137   8   00  00  00  00  00  00  00  18
 27969    12683.439   0137   8   00  00  00  00  00  00  00  18
 28190    12783.406   0137   8   00  00  00  00  00  00  00  18
 28407    12883.415   0137   8   00  00  00  00  00  00  00  18
 28629    12983.366   0137   8   00  00  00  00  00  00  00  18
 28848    13083.376   0137   8   00  00  00  00  00  00  00  18
