  1630     1258.259   0137   8   00  00  00  00  00  00  00  00
  1856     1358.268   0137   8   00  00  00  00  00  00  00  80
  2077     1458.277   0137   8   00  00  00  00  00  00  00  80
  2298     1558.286   0137   8   00  00  00  00  00  00  00  80
  2520     1658.295   0137   8   00  00  00  00  00  00  00  80
  2771     1758.304   0137   8   00  00  00  00  00  00  00  80
  3023     1858.343   0137   8   00  00  00  00  00  00  00  80
  3244     1958.352   0137   8   00  00  00  00  00  00  00  80
  3466     2058.361   0137   8   00  00  00  00  00  00  00  80
  3693     2158.584   0137   8   00  00  00  00  00  00  00  18
  3920     2258.380   0137   8   00  00  00  00  00  00  00  18
  4142     2358.389   0137   8   00  00  00  00  00  00  00  18
  4364     2458.398   0137   8   00  00  00  00  00  00  00  18
  4584     2558.407   0137   8   00  00  00  00  00  00  00  18
  4805     2658.416   0137   8   00  00  00  00  00  00  00  18
  5040     2758.425   0137   8   00  00  00  00  00  00  00  18
  5277     2858.464   0137   8   00  00  00  00  00  00  00  18
  5502     2958.473   0137   8   00  00  00  00  00  00  00  18
  5723     3058.482   0137   8   00  00  00  00  00  00  00  18
  5948     3158.492   0137   8   00  00  00  00  00  00  00  18
  6175     3258.501   0137   8   00  00  00  00  00  00  00  18
  6397     3358.510   0137   8   00  00  00  00  00  00  00  18
  6619     3458.519   0137   8   00  00  00  00  00  00  00  18
  6841     3558.528   0137   8   00  00  00  00  00  00  00  18
  7063     3658.494   0137   8   00  00  00  00  00  00  00  18
  7315     3758.546   0137   8   00  00  00  00  00  00  00  18
  7567     3858.555   0137   8   00  00  00  00  00  00  00  18
  7793     3958.552   0137   8   00  00  00  00  00  00  00  18
  8017     4058.561   0137   8   00  00  00  00  00  00  00  18
  8243     4158.570   0137   8   00  00  00  00  00  00  00  18
  8472     4258.579   0137   8   00  00  00  00  00  00  00  18
  8696     4358.588   0137   8   00  00  00  00  00  00  00  18
  8918     4458.597   0137   8   00  00  00  00  00  00  00  18
  9138     4558.606   0137   8   00  00  00  00  00  00  00  18
  9355     4658.615   0137   8   00  00  00  00  00  00  00  18
  9585     4758.625   0137   8   00  00  00  00  00  00  00  18
  9820     4858.634   0137   8   00  00  00  00  00  00  00  18
 10040     4958.673   0137   8   00  00  00  00  00  00  00  18
 10260     5058.682   0137   8   00  00  00  00  00  00  00  18
 10480     5158.691   0137   8   00  00  00  00  00  00  00  18
 10705     5258.700   0137   8   00  00  00  00  00  00  00  18
 10924     5358.709   0137   8   00  00  00  00  00  00  00  18
 11142     5458.718   0137   8   00  00  00  00  00  00  00  18
 11358     5558.727   0137   8   00  00  00  00  00  00  00  18
 11578     5658.737   0137   8   00  00  00  00  00  00  00  18
 11829     5758.746   0137   8   00  00  00  00  00  00  00  18
 12083     5859.011   0137   8   00  00  00  00  00  00  00  18
 12306     5958.764   0137   8   00  00  00  00  00  00  00  18
 12527     6058.738   0137   8   00  00  00  00  00  00  00  18
 12750     6158.747   0137   8   00  00  00  00  00  00  00  18
 12976     6258.713   0137   8   00  00  00  00  00  00  00  18
 13195     6358.723   0137   8   00  00  00  00  00  00  00  18
 13412     6458.732   0137   8   00  00  00  00  00  00  00  18
 13630     6558.741   0137   8   00  00  00  00  00  00  00  18
 13849     6658.750   0137   8   00  00  00  00  00  00  00  18
 14082     6759.015   0137   8   00  00  00  00  00  00  00  18
 14318     6858.981   0137   8   00  00  00  00  00  00  00  18
 14538     6958.991   0137   8   00  00  00  00  00  00  00  18
 14757     7058.900   0137   8   00  00  00  00  00  00  00  18
 14979     7158.866   0137   8   00  00  00  00  00  00  00  18
 15205     7258.875   0137   8   00  00  00  00  00  00  00  18
 15426     7358.884   0137   8   00  00  00  00  00  00  00  18
 15650     7458.893   0137   8   00  00  00  00  00  00  00  18
 15870     7558.860   0137   8   00  00  00  00  00  00  00  18
 16090     7658.869   0137   8   00  00  00  00  00  00  00  18
 16343     7758.878   0137   8   00  00  00  00  00  00  01  0d
 16591     7858.887   0137   8   00  00  00  00  00  00  01  0d
 16812     7958.896   0137   8   00  00  00  00  00  00  01  0d
 17031     8058.905   0137   8   00  00  00  00  00  00  01  0d
 17251     8158.944   0137   8   00  00  00  00  00  00  01  0d
 17475     8258.954   0137   8   00  00  00  00  00  00  01  0d
 17693     8358.963   0137   8   00  00  00  00  00  00  01  0d
 17912     8458.886   0137   8   00  00  00  00  00  00  01  0d
 18129     8558.938   0137   8   00  00  00  00  00  00  01  0d
 18346     8658.905   0137   8   00  00  00  00  00  00  01  0d
 18576     8758.914   0137   8   00  00  00  00  00  00  01  0d
 18814     8858.966   0137   8   00  00  00  00  00  00  01  0d
 19037     8958.932   0137   8   00  00  00  00  00  00  01  0d
 19259     9058.941   0137   8   00  00  00  00  00  00  01  0d
 19482     9158.937   0137   8   00  00  00  00  00  00  01  0d
 19708     9258.947   0137   8   00  00  00  00  00  00  01  0d
 19930     9358.998   0137   8   00  00  00  00  00  00  01  0d
 20148     9459.007   0137   8   00  00  00  00  00  00  01  0d
 20365     9558.974   0137   8   00  00  00  00  00  00  01  0d
 20582     9658.983   0137   8   00  00  00  00  00  00  01  0d
 20830     9758.992   0137   8   00  00  00  00  00  00  01  0d
 21077     9859.001   0137   8   00  00  00  00  00  00  01  0d
 21298     9959.010   0137   8   00  00  00  00  00  00  01  0d
 21517    10059.019   0137   8   00  00  00  00  00  00  01  0d
 21738    10158.986   0137   8   00  00  00  00  00  00  01  0d
 21961    10258.910   0137   8   00  00  00  00  00  00  01  0d
 22181    10358.919   0137   8   00  00  00  00  00  00  01  0d
 22403    10458.928   0137   8   00  00  00  00  00  00  01  0d
 22623    10559.108   0137   8   00  00  00  00  00  00  01  0d
 22845    10658.946   0137   8   00  00  00  00  00  00  01  0d
 23078    10758.955   0137   8   00  00  00  00  00  00  01  0d
 23317    10858.965   0137   8   00  00  00  00  00  00  01  0d
 23540    10958.974   0137   8   00  00  00  00  00  00  01  0d
 23760    11058.983   0137   8   00  00  00  00  00  00  01  0d
 23981    11158.992   0137   8   00  00  00  00  00  00  01  0d
 24204    11259.031   0137   8   00  00  00  00  00  00  01  0d
 24422    11359.040   0137   8   00  00  00  00  00  00  01  0d
 24639    11459.049   0137   8   00  00  00  00  00  00  01  0d
 24856    11559.016   0137   8   00  00  00  00  00  00  01  0d
 25075    11659.025   0137   8   00  00  00  00  00  00  01  0d
 25323    11759.034   0137   8   00  00  00  00  00  00  01  0d
 25570    11859.043   0137   8   00  00  00  00  00  00  01  0d
 25791    11959.052   0137   8   00  00  00  00  00  00  01  0d
 26013    12059.061   0137   8   00  00  00  00  00  00  01  0d
 26237    12159.070   0137   8   00  00  00  00  00  00  01  0d
 26464    12259.079   0137   8   00  00  00  00  00  00  01  0d
