    72       30.681   0137   8   00  00  00  00  00  00  00  19
   294      130.690   0137   8   00  00  00  00  00  00  00  19
   515      230.656   0137   8   00  00  00  00  00  00  00  19
   732      330.695   0137   8   00  00  00  00  00  00  00  19
   949      430.747   0137   8   00  00  00  00  00  00  00  19
  1175      530.714   0137   8   00  00  00  00  00  00  00  19
  1410      630.723   0137   8   00  00  00  00  00  00  00  19
  1639      730.732   0137   8   00  00  00  00  00  00  00  19
  1859      830.741   0137   8   00  00  00  00  00  00  00  19
  2076      930.793   0137   8   00  00  00  00  00  00  00  19
  2297     1030.759   0137   8   00  00  00  00  00  00  00  19
  2515     1130.768   0137   8   00  00  00  00  00  00  00  19
  2732     1230.777   0137   8   00  00  00  00  00  00  00  19
  2950     1330.786   0137   8   00  00  00  00  00  00  00  19
  3170     1430.825   0137   8   00  00  00  00  00  00  00  19
  3405     1530.792   0137   8   00  00  00  00  00  00  00  19
  3664     1630.844   0137   8   00  00  00  00  00  00  00  19
  3903     1730.853   0137   8   00  00  00  00  00  00  00  19
  4125     1830.819   0137   8   00  00  00  00  00  00  00  19
  4343     1930.786   0137   8   00  00  00  00  00  00  00  19
  4564     2030.795   0137   8   00  00  00  00  00  00  00  19
  4782     2130.847   0137   8   00  00  00  00  00  00  00  19
  4999     2230.813   0137   8   00  00  00  00  00  00  00  19
  5215     2330.822   0137   8   00  00  00  00  00  00  00  19
  5431     2430.861   0137   8   00  00  00  00  00  00  00  19
  5658     2530.870   0137   8   00  00  00  00  00  00  00  19
  5894     2630.879   0137   8   00  00  00  00  00  00  00  19
  6124     2730.889   0137   8   00  00  00  00  00  00  00  19
  6343     2830.898   0137   8   00  00  00  00  00  00  00  19
  6563     2930.907   0137   8   00  00  00  00  00  00  00  19
  6787     3030.916   0137   8   00  00  00  00  00  00  00  19
  7010     3130.925   0137   8   00  00  00  00  00  00  00  19
  7231     3230.934   0137   8   00  00  00  00  00  00  00  19
  7450     3330.943   0137   8   00  00  00  00  00  00  00  19
  7669     3431.166   0137   8   00  00  00  00  00  00  00  19
  7900     3530.861   0137   8   00  00  00  00  00  00  00  19
  8156     3630.870   0137   8   00  00  00  00  00  00  00  19
  8391     3730.880   0137   8   00  00  00  00  00  00  00  19
  8611     3830.846   0137   8   00  00  00  00  00  00  00  19
  8829     3930.855   0137   8   00  00  00  00  00  00  00  19
  9049     4030.864   0137   8   00  00  00  00  00  00  00  19
  9267     4130.873   0137   8   00  00  00  00  00  00  00  19
  9484     4230.882   0137   8   00  00  00  00  00  00  00  19
  9700     4330.892   0137   8   00  00  00  00  00  00  00  19
  9917     4430.901   0137   8   00  00  00  00  00  00  00  19
 10146     4530.940   0137   8   00  00  00  00  00  00  00  19
 10383     4630.949   0137   8   00  00  00  00  00  00  00  19
 10616     4730.958   0137   8   00  00  00  00  00  00  00  19
 10839     4830.967   0137   8   00  00  00  00  00  00  00  19
 11059     4930.976   0137   8   00  00  00  00  00  00  00  19
 11282     5030.985   0137   8   00  00  00  00  00  00  00  19
 11500     5130.994   0137   8   00  00  00  00  00  00  00  19
 11717     5231.003   0137   8   00  00  00  00  00  00  00  19
 11934     5331.013   0137   8   00  00  00  00  00  00  00  19
 12151     5431.022   0137   8   00  00  00  00  00  00  00  19
 12382     5531.031   0137   8   00  00  00  00  00  00  00  19
 12637     5631.003   0137   8   00  00  00  00  00  00  00  19
 12871     5731.012   0137   8   00  00  00  00  00  00  00  19
 13090     5831.021   0137   8   00  00  00  00  00  00  00  19
 13307     5931.030   0137   8   00  00  00  00  00  00  00  19
 13529     6031.039   0137   8   00  00  00  00  00  00  00  19
 13750     6131.048   0137   8   00  00  00  00  00  00  00  19
 13970     6231.057   0137   8   00  00  00  00  00  00  00  19
 14191     6331.067   0137   8   00  00  00  00  00  00  00  19
 14410     6431.076   0137   8   00  00  00  00  00  00  00  19
 14640     6531.042   0137   8   00  00  00  00  00  00  00  19
 14876     6631.081   0137   8   00  00  00  00  00  00  00  19
 15107     6731.133   0137   8   00  00  00  00  00  00  00  19
 15327     6831.099   0137   8   00  00  00  00  00  00  00  19
 15544     6931.109   0137   8   00  00  00  00  00  00  00  19
 15766     7031.160   0137   8   00  00  00  00  00  00  00  19
 15984     7131.169   0137   8   00  00  00  00  00  00  00  19
 16201     7231.136   0137   8   00  00  00  00  00  00  00  19
 16417     7331.145   0137   8   00  00  00  00  00  00  00  19
 16633     7431.154   0137   8   00  00  00  00  00  00  00  19
 16864     7531.163   0137   8   00  00  00  00  00  00  00  19
 17121     7631.172   0137   8   00  00  00  00  00  00  00  19
 17359     7731.211   0137   8   00  00  00  00  00  00  00  19
 17582     7831.220   0137   8   00  00  00  00  00  00  00  19
 17803     7931.315   0137   8   00  00  00  00  00  00  00  19
 18027     8031.239   0137   8   00  00  00  00  00  00  00  19
 18247     8131.248   0137   8   00  00  00  00  00  00  00  19
 18464     8231.257   0137   8   00  00  00  00  00  00  00  19
 18681     8331.266   0137   8   00  00  00  00  00  00  00  19
 18897     8431.275   0137   8   00  00  00  00  00  00  00  19
 19123     8531.284   0137   8   00  00  00  00  00  00  00  19
 19358     8631.293   0137   8   00  00  00  00  00  00  00  19
 19587     8731.332   0137   8   00  00  00  00  00  00  00  19
 19806     8831.342   0137   8   00  00  00  00  00  00  00  19
 20024     8931.351   0137   8   00  00  00  00  00  00  00  19
 20244     9031.360   0137   8   00  00  00  00  00  00  00  19
 20464     9131.582   0137   8   00  00  00  00  00  00  00  19
 20685     9231.549   0137   8   00  00  00  00  00  00  01  0d
 20904     9331.558   0137   8   00  00  00  00  00  00  01  0d
 21123     9431.567   0137   8   00  00  00  00  00  00  01  0d
 21358     9531.789   0137   8   00  00  00  00  00  00  01  0d
 21616     9631.585   0137   8   00  00  00  00  00  00  01  0d
 21851     9731.667   0137   8   00  00  00  00  00  00  01  0d
 22072     9831.633   0137   8   00  00  00  00  00  00  01  0d
 22291     9931.642   0137   8   00  00  00  00  00  00  01  0d
 22514    10031.609   0137   8   00  00  00  00  00  00  01  0d
 22735    10131.618   0137   8   00  00  00  00  00  00  01  0d
 22952    10231.627   0137   8   00  00  00  00  00  00  01  0d
 23168    10331.636   0137   8   00  00  00  00  00  00  01  0d
 23387    10431.645   0137   8   00  00  00  00  00  00  01  0d
 23613    10531.654   0137   8   00  00  00  00  00  00  01  0d
 23849    10631.663   0137   8   00  00  00  00  00  00  01  0d
 24080    10731.673   0137   8   00  00  00  00  00  00  01  0d
 24303    10831.582   0137   8   00  00  00  00  00  00  01  0d
 24524    10931.591   0137   8   00  00  00  00  00  00  01  0d
 24749    11031.600   0137   8   00  00  00  00  00  00  01  0d
 24973    11131.609   0137   8   00  00  00  00  00  00  01  0d
 25193    11231.618   0137   8   00  00  00  00  00  00  01  0d
 25412    11331.627   0137   8   00  00  00  00  00  00  01  0d
 25629    11431.636   0137   8   00  00  00  00  00  00  01  0d
 25860    11531.645   0137   8   00  00  00  00  00  00  01  0d
 26118    11631.654   0137   8   00  00  00  00  00  00  01  0d
 26354    11731.664   0137   8   00  00  00  00  00  00  01  0d
 26573    11831.703   0137   8   00  00  00  00  00  00  01  0d
 26791    11931.712   0137   8   00  00  00  00  00  00  01  0d
 27013    12031.593   0137   8   00  00  00  00  00  00  01  0d
 27233    12131.730   0137   8   00  00  00  00  00  00  01  0d
 27450    12231.739   0137   8   00  00  00  00  00  00  01  0d
 27669    12331.748   0137   8   00  00  00  00  00  00  01  0d
 27889    12431.544   0137   8   00  00  00  00  00  00  01  0d
 28119    12531.766   0137   8   00  00  00  00  00  00  01  0d
 28357    12631.775   0137   8   00  00  00  00  00  00  01  0d
 28592    12731.785   0137   8   00  00  00  00  00  00  01  0d
 28812    12831.580   0137   8   00  00  00  00  00  00  01  0d
 29030    12931.791   0137   8   00  00  00  00  00  00  01  0d
 29252    13031.757   0137   8   00  00  00  00  00  00  01  0d
 29470    13131.766   0137   8   00  00  00  00  00  00  01  0d
 29687    13231.818   0137   8   00  00  00  00  00  00  01  0d
 29905    13331.742   0137   8   00  00  00  00  00  00  01  0d
 30122    13431.751   0137   8   00  00  00  00  00  00  01  0d
 30353    13531.760   0137   8   00  00  00  00  00  00  01  0d
 30609    13631.769   0137   8   00  00  00  00  00  00  01  0d
 30846    13731.778   0137   8   00  00  00  00  00  00  01  0d
 31065    13831.787   0137   8   00  00  00  00  00  00  01  0d
 31285    13931.784   0137   8   00  00  00  00  00  00  01  0d
 31509    14031.836   0137   8   00  00  00  00  00  00  01  0d
 31730    14132.015   0137   8   00  00  00  00  00  00  01  0d
 31951    14231.811   0137   8   00  00  00  00  00  00  01  0d
 32172    14331.820   0137   8   00  00  00  00  00  00  01  0d
 32388    14431.701   0137   8   00  00  00  00  00  00  01  0d
 32616    14531.796   0137   8   00  00  00  00  00  00  01  0d
 32852    14631.805   0137   8   00  00  00  00  00  00  01  0d
 33082    14731.814   0137   8   00  00  00  00  00  00  01  0d
 33300    14831.738   0137   8   00  00  00  00  00  00  01  0d
 33519    14931.832   0137   8   00  00  00  00  00  00  01  0d
 33739    15031.871   0137   8   00  00  00  00  00  00  01  0d
 33957    15131.838   0137   8   00  00  00  00  00  00  01  0d
 34176    15231.847   0137   8   00  00  00  00  00  00  01  0d
 34393    15331.856   0137   8   00  00  00  00  00  00  01  0d
 34610    15431.865   0137   8   00  00  00  00  00  00  01  0d
 34845    15531.874   0137   8   00  00  00  00  00  00  01  0d
 35104    15631.841   0137   8   00  00  00  00  00  00  01  0d
 35345    15731.892   0137   8   00  00  00  00  00  00  01  0d
 35569    15831.901   0137   8   00  00  00  00  00  00  01  0d
 35790    15931.868   0137   8   00  00  00  00  00  00  01  0d
 36009    16031.907   0137   8   00  00  00  00  00  00  00  19
 36228    16131.959   0137   8   00  00  00  00  00  00  00  19
 36446    16231.968   0137   8   00  00  00  00  00  00  00  19
 36663    16331.977   0137   8   00  00  00  00  00  00  00  19
 36879    16431.986   0137   8   00  00  00  00  00  00  00  19
 37106    16531.994   0137   8   00  00  00  00  00  00  00  19
 37344    16632.004   0137   8   00  00  00  00  00  00  00  19
 37573    16732.014   0137   8   00  00  00  00  00  00  00  19
 37794    16832.023   0137   8   00  00  00  00  00  00  00  19
 38014    16931.988   0137   8   00  00  00  00  00  00  00  19
 38237    17032.041   0137   8   00  00  00  00  00  00  00  19
 38458    17132.080   0137   8   00  00  00  00  00  00  00  19
 38681    17232.389   0137   8   00  00  00  00  00  00  00  19
 38901    17332.098   0137   8   00  00  00  00  00  00  00  19
 39120    17432.107   0137   8   00  00  00  00  00  00  00  19
 39355    17532.115   0137   8   00  00  00  00  00  00  00  19
 39611    17632.125   0137   8   00  00  00  00  00  00  00  19
 39845    17732.135   0137   8   00  00  00  00  00  00  00  19
 40065    17832.145   0137   8   00  00  00  00  00  00  00  19
 40285    17932.152   0137   8   00  00  00  00  00  00  00  19
 40506    18032.119   0137   8   00  00  00  00  00  00  00  19
 40725    18132.027   0137   8   00  00  00  00  00  00  00  19
 40944    18232.037   0137   8   00  00  00  00  00  00  00  19
 41161    18332.047   0137   8   00  00  00  00  00  00  00  19
 41377    18432.098   0137   8   00  00  00  00  00  00  00  19
 41603    18532.107   0137   8   00  00  00  00  00  00  00  19
 41840    18632.074   0137   8   00  00  00  00  00  00  00  19
 42073    18732.125   0137   8   00  00  00  00  00  00  00  19
 42295    18832.135   0137   8   00  00  00  00  00  00  00  19
 42515    18932.145   0137   8   00  00  00  00  00  00  00  19
 42740    19032.152   0137   8   00  00  00  00  00  00  00  19
 42960    19132.162   0137   8   00  00  00  00  00  00  00  19
 43178    19232.201   0137   8   00  00  00  00  00  00  00  19
 43395    19332.168   0137   8   00  00  00  00  00  00  00  19
 43611    19432.219   0137   8   00  00  00  00  00  00  00  19
 43843    19532.229   0137   8   00  00  00  00  00  00  00  19
 44099    19632.195   0137   8   00  00  00  00  00  00  00  19
 44334    19732.246   0137   8   00  00  00  00  00  00  00  19
 44553    19832.256   0137   8   00  00  00  00  00  00  00  19
 44773    19932.223   0137   8   00  00  00  00  00  00  00  19
 44993    20032.230   0137   8   00  00  00  00  00  00  00  19
 45212    20132.283   0137   8   00  00  00  00  00  00  00  19
 45432    20232.240   0137   8   00  00  00  00  00  00  00  19
 45651    20332.248   0137   8   00  00  00  00  00  00  00  19
 45871    20432.260   0137   8   00  00  00  00  00  00  00  19
 46100    20532.268   0137   8   00  00  00  00  00  00  00  19
 46337    20632.277   0137   8   00  00  00  00  00  00  00  19
 46568    20732.285   0137   8   00  00  00  00  00  00  00  19
 46789    20832.295   0137   8   00  00  00  00  00  00  00  19
 47006    20932.305   0137   8   00  00  00  00  00  00  00  19
 47227    21032.313   0137   8   00  00  00  00  00  00  00  19
 47447    21132.322   0137   8   00  00  00  00  00  00  00  19
 47665    21232.330   0137   8   00  00  00  00  00  00  00  19
 47881    21332.355   0137   8   00  00  00  00  00  00  00  19
 48098    21432.365   0137   8   00  00  00  00  00  00  00  19
 48331    21532.373   0137   8   00  00  00  00  00  00  00  19
 48586    21632.383   0137   8   00  00  00  00  00  00  00  19
 48823    21732.648   0137   8   00  00  00  00  00  00  00  19
 49047    21832.656   0137   8   00  00  00  00  00  00  00  19
 49266    21932.410   0137   8   00  00  00  00  00  00  00  19
 49492    22032.676   0137   8   00  00  00  00  00  00  00  19
 49714    22132.684   0137   8   00  00  00  00  00  00  00  19
 49935    22232.693   0137   8   00  00  00  00  00  00  00  19
 50151    22332.732   0137   8   00  00  00  00  00  00  00  19
 50369    22432.742   0137   8   00  00  00  00  00  00  00  19
 50597    22532.752   0137   8   00  00  00  00  00  00  00  19
 50832    22632.760   0137   8   00  00  00  00  00  00  00  19
 51063    22732.770   0137   8   00  00  00  00  00  00  00  19
 51283    22832.777   0137   8   00  00  00  00  00  00  00  19
 51502    22932.787   0137   8   00  00  00  00  00  00  00  19
 51722    23032.797   0137   8   00  00  00  00  00  00  01  0d
 51942    23132.805   0137   8   00  00  00  00  00  00  01  0d
 52161    23232.814   0137   8   00  00  00  00  00  00  01  0d
 52380    23332.824   0137   8   00  00  00  00  00  00  01  0d
 52600    23432.732   0137   8   00  00  00  00  00  00  01  0d
 52835    23532.742   0137   8   00  00  00  00  00  00  01  0d
 53093    23632.707   0137   8   00  00  00  00  00  00  01  0d
 53330    23732.760   0137   8   00  00  00  00  00  00  01  0d
 53551    23832.770   0137   8   00  00  00  00  00  00  01  0d
 53768    23932.777   0137   8   00  00  00  00  00  00  01  0d
 53988    24032.787   0137   8   00  00  00  00  00  00  01  0d
 54207    24132.797   0137   8   00  00  00  00  00  00  01  0d
 54427    24232.807   0137   8   00  00  00  00  00  00  01  0d
 54644    24332.771   0137   8   00  00  00  00  00  00  01  0d
 54861    24432.811   0137   8   00  00  00  00  00  00  01  0d
 55088    24532.863   0137   8   00  00  00  00  00  00  01  0d
 55323    24632.828   0137   8   00  00  00  00  00  00  01  0d
 55553    24732.838   0137   8   00  00  00  00  00  00  01  0d
 55776    24832.848   0137   8   00  00  00  00  00  00  01  0d
 55998    24932.814   0137   8   00  00  00  00  00  00  01  0d
 56221    25032.822   0137   8   00  00  00  00  00  00  01  0d
 56444    25132.832   0137   8   00  00  00  00  00  00  01  0d
 56666    25232.799   0137   8   00  00  00  00  00  00  01  0d
 56885    25332.850   0137   8   00  00  00  00  00  00  01  0d
 57104    25432.816   0137   8   00  00  00  00  00  00  01  0d
 57336    25532.898   0137   8   00  00  00  00  00  00  01  0d
 57593    25632.822   0137   8   00  00  00  00  00  00  01  0d
 57827    25732.918   0137   8   00  00  00  00  00  00  01  0d
 58048    25832.842   0137   8   00  00  00  00  00  00  01  0d
 58266    25932.850   0137   8   00  00  00  00  00  00  01  0d
 58487    26032.859   0137   8   00  00  00  00  00  00  01  0d
 58708    26132.867   0137   8   00  00  00  00  00  00  01  0d
 58925    26232.877   0137   8   00  00  00  00  00  00  01  0d
 59142    26332.887   0137   8   00  00  00  00  00  00  01  0d
 59360    26432.895   0137   8   00  00  00  00  00  00  01  0d
 59592    26532.887   0137   8   00  00  00  00  00  00  01  0d
 59830    26632.854   0137   8   00  00  00  00  00  00  01  0d
 60062    26732.861   0137   8   00  00  00  00  00  00  01  0d
 60285    26832.828   0137   8   00  00  00  00  00  00  01  0d
 60505    26932.838   0137   8   00  00  00  00  00  00  01  0d
 60725    27032.846   0137   8   00  00  00  00  00  00  01  0d
 60943    27132.855   0137   8   00  00  00  00  00  00  01  0d
 61160    27232.865   0137   8   00  00  00  00  00  00  01  0d
 61379    27332.873   0137   8   00  00  00  00  00  00  01  0d
 61596    27432.883   0137   8   00  00  00  00  00  00  01  0d
 61827    27532.893   0137   8   00  00  00  00  00  00  01  0d
 62082    27632.896   0137   8   00  00  00  00  00  00  01  0d
 62316    27732.906   0137   8   00  00  00  00  00  00  01  0d
 62536    27832.914   0137   8   00  00  00  00  00  00  01  0d
 62754    27932.924   0137   8   00  00  00  00  00  00  01  0d
 62978    28032.934   0137   8   00  00  00  00  00  00  01  0d
 63202    28132.943   0137   8   00  00  00  00  00  00  01  0d
 63423    28232.951   0137   8   00  00  00  00  00  00  01  0d
 63644    28332.961   0137   8   00  00  00  00  00  00  01  0d
 63866    28432.971   0137   8   00  00  00  00  00  00  01  0d
 64094    28532.979   0137   8   00  00  00  00  00  00  01  0d
 64329    28633.018   0137   8   00  00  00  00  00  00  01  0d
 64558    28733.027   0137   8   00  00  00  00  00  00  01  0d
 64777    28833.035   0137   8   00  00  00  00  00  00  01  0d
 64994    28933.045   0137   8   00  00  00  00  00  00  01  0d
 65216    29033.055   0137   8   00  00  00  00  00  00  01  0d
 65435    29133.064   0137   8   00  00  00  00  00  00  01  0d
 65652    29233.072   0137   8   00  00  00  00  00  00  01  0d
 65869    29333.082   0137   8   00  00  00  00  00  00  01  0d
 66086    29433.092   0137   8   00  00  00  00  00  00  01  0d
 66317    29533.100   0137   8   00  00  00  00  00  00  01  0d
 66574    29633.109   0137   8   00  00  00  00  00  00  01  0d
 66814    29733.148   0137   8   00  00  00  00  00  00  01  0d
 67038    29833.156   0137   8   00  00  00  00  00  00  01  0d
 67258    29933.166   0137   8   00  00  00  00  00  00  01  0d
 67484    30033.176   0137   8   00  00  00  00  00  00  00  18
 67705    30133.186   0137   8   00  00  00  00  00  00  00  18
 67922    30233.193   0137   8   00  00  00  00  00  00  00  18
 68138    30333.203   0137   8   00  00  00  00  00  00  00  18
 68356    30433.213   0137   8   00  00  00  00  00  00  00  18
 68583    30533.221   0137   8   00  00  00  00  00  00  00  18
 68818    30633.230   0137   8   00  00  00  00  00  00  00  18
 69049    30733.199   0137   8   00  00  00  00  00  00  00  18
 69268    30832.953   0137   8   00  00  00  00  00  00  00  18
 69485    30932.963   0137   8   00  00  00  00  00  00  00  18
 69706    31032.973   0137   8   00  00  00  00  00  00  00  18
 69926    31132.980   0137   8   00  00  00  00  00  00  00  18
 70147    31233.246   0137   8   00  00  00  00  00  00  00  18
 70366    31332.998   0137   8   00  00  00  00  00  00  00  18
 70586    31433.008   0137   8   00  00  00  00  00  00  00  18
 70820    31533.018   0137   8   00  00  00  00  00  00  00  18
 71079    31633.025   0137   8   00  00  00  00  00  00  00  18
 71315    31733.035   0137   8   00  00  00  00  00  00  00  18
 71535    31833.074   0137   8   00  00  00  00  00  00  00  18
 71752    31933.084   0137   8   00  00  00  00  00  00  00  18
 71972    32033.094   0137   8   00  00  00  00  00  00  00  18
 72192    32133.102   0137   8   00  00  00  00  00  00  00  18
 72410    32233.068   0137   8   00  00  00  00  00  00  00  18
 72626    32333.119   0137   8   00  00  00  00  00  00  00  18
 72843    32433.086   0137   8   00  00  00  00  00  00  00  18
 73070    32533.096   0137   8   00  00  00  00  00  00  00  18
 73305    32633.105   0137   8   00  00  00  00  00  00  00  18
 73537    32733.113   0137   8   00  00  00  00  00  00  00  18
 73760    32833.152   0137   8   00  00  00  00  00  00  00  18
 73981    32933.160   0137   8   00  00  00  00  00  00  00  18
 74204    33033.172   0137   8   00  00  00  00  00  00  00  18
 74426    33133.223   0137   8   00  00  00  00  00  00  00  18
 74646    33233.230   0137   8   00  00  00  00  00  00  00  18
 74863    33333.242   0137   8   00  00  00  00  00  00  00  18
 75082    33433.207   0137   8   00  00  00  00  00  00  00  18
 75314    33533.219   0137   8   00  00  00  00  00  00  00  18
 75569    33633.227   0137   8   00  00  00  00  00  00  00  18
 75803    33733.234   0137   8   00  00  00  00  00  00  00  18
 76022    33833.242   0137   8   00  00  00  00  00  00  00  18
 76240    33933.152   0137   8   00  00  00  00  00  00  00  18
 76461    34033.160   0137   8   00  00  00  00  00  00  00  18
 76679    34133.172   0137   8   00  00  00  00  00  00  00  18
 76896    34233.180   0137   8   00  00  00  00  00  00  00  18
 77115    34333.188   0137   8   00  00  00  00  00  00  00  18
 77334    34433.199   0137   8   00  00  00  00  00  00  00  18
 77564    34533.207   0137   8   00  00  00  00  00  00  00  18
 77802    34633.219   0137   8   00  00  00  00  00  00  00  18
 78037    34733.227   0137   8   00  00  00  00  00  00  00  18
 78258    34833.234   0137   8   00  00  00  00  00  00  00  18
 78475    34933.230   0137   8   00  00  00  00  00  00  00  18
 78695    35033.238   0137   8   00  00  00  00  00  00  00  18
 78913    35133.250   0137   8   00  00  00  00  00  00  00  18
 79130    35233.258   0137   8   00  00  00  00  00  00  00  18
 79348    35333.270   0137   8   00  00  00  00  00  00  00  18
 79565    35433.277   0137   8   00  00  00  00  00  00  00  18
 79796    35533.285   0137   8   00  00  00  00  00  00  00  18
 80052    35633.297   0137   8   00  00  00  00  00  00  00  18
 80287    35733.305   0137   8   00  00  00  00  00  00  00  18
 80507    35833.313   0137   8   00  00  00  00  00  00  00  18
 80728    35933.320   0137   8   00  00  00  00  00  00  00  18
 80954    36033.359   0137   8   00  00  00  00  00  00  00  18
 81178    36133.926   0137   8   00  00  00  00  00  00  00  18
 81398    36233.934   0137   8   00  00  00  00  00  00  00  18
 81617    36333.391   0137   8   00  00  00  00  00  00  00  18
 81836    36433.398   0137   8   00  00  00  00  00  00  00  18
 82062    36533.406   0137   8   00  00  00  00  00  00  00  18
 82298    36633.414   0137   8   00  00  00  00  00  00  00  18
 82528    36733.426   0137   8   00  00  00  00  00  00  00  18
 82747    36833.434   0137   8   00  00  00  00  00  00  00  18
 82965    36933.441   0137   8   00  00  00  00  00  00  00  18
 83188    37033.996   0137   8   00  00  00  00  00  00  00  18
 83406    37134.004   0137   8   00  00  00  00  00  00  01  0d
 83623    37234.012   0137   8   00  00  00  00  00  00  01  0d
 83840    37334.023   0137   8   00  00  00  00  00  00  01  0d
 84059    37434.031   0137   8   00  00  00  00  00  00  01  0d
 84294    37534.039   0137   8   00  00  00  00  00  00  01  0d
 84551    37634.051   0137   8   00  00  00  00  00  00  01  0d
 84790    37734.059   0137   8   00  00  00  00  00  00  01  0d
 85013    37834.066   0137   8   00  00  00  00  00  00  01  0d
 85233    37934.074   0137   8   00  00  00  00  00  00  01  0d
 85454    38034.086   0137   8   00  00  00  00  00  00  01  0d
 85672    38134.125   0137   8   00  00  00  00  00  00  01  0d
 85889    38234.133   0137   8   00  00  00  00  00  00  01  0d
 86107    38334.145   0137   8   00  00  00  00  00  00  01  0d
 86324    38434.152   0137   8   00  00  00  00  00  00  01  0d
 86550    38534.203   0137   8   00  00  00  00  00  00  01  0d
 86786    38634.215   0137   8   00  00  00  00  00  00  01  0d
 87016    38734.223   0137   8   00  00  00  00  00  00  01  0d
 87235    38834.230   0137   8   00  00  00  00  00  00  01  0d
 87452    38934.238   0137   8   00  00  00  00  00  00  01  0d
 87675    39034.250   0137   8   00  00  00  00  00  00  01  0d
 87896    39134.289   0137   8   00  00  00  00  00  00  01  0d
 88116    39234.254   0137   8   00  00  00  00  00  00  01  0d
 88336    39334.266   0137   8   00  00  00  00  00  00  01  0d
 88555    39434.230   0137   8   00  00  00  00  00  00  01  0d
 88788    39534.281   0137   8   00  00  00  00  00  00  01  0d
 89044    39634.250   0137   8   00  00  00  00  00  00  01  0d
 89280    39734.301   0137   8   00  00  00  00  00  00  01  0d
 89500    39834.266   0137   8   00  00  00  00  00  00  01  0d
 89717    39934.234   0137   8   00  00  00  00  00  00  01  0d
 89936    40034.027   0137   8   00  00  00  00  00  00  01  0d
 90155    40134.250   0137   8   00  00  00  00  00  00  01  0d
 90372    40234.289   0137   8   00  00  00  00  00  00  01  0d
 90588    40334.301   0137   8   00  00  00  00  00  00  01  0d
 90803    40434.055   0137   8   00  00  00  00  00  00  01  0d
 91032    40534.316   0137   8   00  00  00  00  00  00  01  0d
 91273    40634.328   0137   8   00  00  00  00  00  00  01  0d
 91505    40734.293   0137   8   00  00  00  00  00  00  01  0d
 91728    40834.262   0137   8   00  00  00  00  00  00  01  0d
 91951    40934.313   0137   8   00  00  00  00  00  00  01  0d
 92174    41034.277   0137   8   00  00  00  00  00  00  01  0d
 92393    41134.328   0137   8   00  00  00  00  00  00  01  0d
 92612    41234.219   0137   8   00  00  00  00  00  00  01  0d
 92829    41334.230   0137   8   00  00  00  00  00  00  01  0d
 93045    41434.238   0137   8   00  00  00  00  00  00  01  0d
 93277    41534.246   0137   8   00  00  00  00  00  00  01  0d
 93533    41634.301   0137   8   00  00  00  00  00  00  01  0d
 93767    41734.266   0137   8   00  00  00  00  00  00  01  0d
 93986    41834.316   0137   8   00  00  00  00  00  00  01  0d
 94203    41934.328   0137   8   00  00  00  00  00  00  01  0d
 94423    42034.078   0137   8   00  00  00  00  00  00  01  0d
 94641    42133.832   0137   8   00  00  00  00  00  00  01  0d
 94863    42233.844   0137   8   00  00  00  00  00  00  01  0d
 95084    42333.836   0137   8   00  00  00  00  00  00  01  0d
 95303    42433.844   0137   8   00  00  00  00  00  00  01  0d
 95534    42533.852   0137   8   00  00  00  00  00  00  01  0d
 95775    42634.332   0137   8   00  00  00  00  00  00  01  0d
 96002    42733.871   0137   8   00  00  00  00  00  00  01  0d
 96221    42833.879   0137   8   00  00  00  00  00  00  01  0d
 96438    42933.891   0137   8   00  00  00  00  00  00  01  0d
 96658    43033.898   0137   8   00  00  00  00  00  00  01  0d
 96878    43134.418   0137   8   00  00  00  00  00  00  01  0d
 97094    43233.914   0137   8   00  00  00  00  00  00  01  0d
 97311    43333.953   0137   8   00  00  00  00  00  00  01  0d
 97527    43433.965   0137   8   00  00  00  00  00  00  01  0d
 97758    43533.973   0137   8   00  00  00  00  00  00  01  0d
 98013    43633.980   0137   8   00  00  00  00  00  00  01  0d
 98249    43733.992   0137   8   00  00  00  00  00  00  01  0d
 98473    43834.000   0137   8   00  00  00  00  00  00  01  0d
 98694    43934.012   0137   8   00  00  00  00  00  00  01  0d
 98921    44034.020   0137   8   00  00  00  00  00  00  00  18
 99143    44134.027   0137   8   00  00  00  00  00  00  00  18
 99363    44233.992   0137   8   00  00  00  00  00  00  00  18
 99580    44334.031   0137   8   00  00  00  00  00  00  00  18
 99796    44434.043   0137   8   00  00  00  00  00  00  00  18
100022    44534.051   0137   8   00  00  00  00  00  00  00  18
100259    44634.063   0137   8   00  00  00  00  00  00  00  18
100488    44734.070   0137   8   00  00  00  00  00  00  00  18
100707    44834.078   0137   8   00  00  00  00  00  00  00  18
100924    44934.090   0137   8   00  00  00  00  00  00  00  18
101145    45034.098   0137   8   00  00  00  00  00  00  00  18
101363    45134.105   0137   8   00  00  00  00  00  00  00  18
101580    45234.113   0137   8   00  00  00  00  00  00  00  18
101801    45334.723   0137   8   00  00  00  00  00  00  00  18
102019    45434.164   0137   8   00  00  00  00  00  00  00  18
102253    45534.172   0137   8   00  00  00  00  00  00  00  18
102510    45634.223   0137   8   00  00  00  00  00  00  00  18
102748    45734.191   0137   8   00  00  00  00  00  00  00  18
102968    45834.199   0137   8   00  00  00  00  00  00  00  18
103185    45934.211   0137   8   00  00  00  00  00  00  00  18
103406    46034.219   0137   8   00  00  00  00  00  00  00  18
103624    46134.227   0137   8   00  00  00  00  00  00  00  18
103841    46234.234   0137   8   00  00  00  00  00  00  00  18
104057    46334.246   0137   8   00  00  00  00  00  00  00  18
104273    46434.230   0137   8   00  00  00  00  00  00  00  18
104499    46534.242   0137   8   00  00  00  00  00  00  00  18
104734    46634.250   0137   8   00  00  00  00  00  00  00  18
104963    46734.258   0137   8   00  00  00  00  00  00  00  18
105183    46834.270   0137   8   00  00  00  00  00  00  00  18
105403    46934.277   0137   8   00  00  00  00  00  00  00  18
105627    47034.285   0137   8   00  00  00  00  00  00  00  18
105848    47134.254   0137   8   00  00  00  00  00  00  00  18
106068    47234.262   0137   8   00  00  00  00  00  00  00  18
106288    47334.270   0137   8   00  00  00  00  00  00  00  18
106504    47434.281   0137   8   00  00  00  00  00  00  00  18
106735    47534.320   0137   8   00  00  00  00  00  00  00  18
