  1306     1226.507   0137   8   00  00  00  00  00  00  00  00
  1534     1326.802   0137   8   00  00  00  00  00  00  00  80
  1755     1426.769   0137   8   00  00  00  00  00  00  00  80
  1979     1526.820   0137   8   00  00  00  00  00  00  00  80
  2204     1626.787   0137   8   00  00  00  00  00  00  00  80
  2422     1727.052   0137   8   00  00  00  00  00  00  00  80
  2644     1826.805   0137   8   00  00  00  00  00  00  00  80
  2860     1926.857   0137   8   00  00  00  00  00  00  00  80
  3094     2026.909   0137   8   00  00  00  00  00  00  00  80
  3339     2126.960   0137   8   00  00  00  00  00  00  00  18
  3565     2226.884   0137   8   00  00  00  00  00  00  00  18
  3788     2326.893   0137   8   00  00  00  00  00  00  00  18
  4010     2426.932   0137   8   00  00  00  00  00  00  00  18
  4233     2526.941   0137   8   00  00  00  00  00  00  00  18
  4456     2626.908   0137   8   00  00  00  00  00  00  00  18
  4676     2726.917   0137   8   00  00  00  00  00  00  00  18
  4896     2826.926   0137   8   00  00  00  00  00  00  00  18
  5107     2925.015   0137   8   00  00  00  00  00  00  00  18
  5359     3025.024   0137   8   00  00  00  00  00  00  00  18
  5614     3125.033   0137   8   00  00  00  00  00  00  00  18
  5840     3225.043   0137   8   00  00  00  00  00  00  00  18
  6062     3325.052   0137   8   00  00  00  00  00  00  00  18
  6285     3424.961   0137   8   00  00  00  00  00  00  00  18
  6509     3524.970   0137   8   00  00  00  00  00  00  00  18
  6733     3624.979   0137   8   00  00  00  00  00  00  00  18
  6952     3724.988   0137   8   00  00  00  00  00  00  00  18
  7174     3824.997   0137   8   00  00  00  00  00  00  00  18
  7395     3925.006   0137   8   00  00  00  00  00  00  00  18
  7629     4025.015   0137   8   00  00  00  00  00  00  00  18
  7874     4125.025   0137   8   00  00  00  00  00  00  00  18
  8100     4225.034   0137   8   00  00  00  00  00  00  00  18
  8323     4325.043   0137   8   00  00  00  00  00  00  00  18
  8548     4425.052   0137   8   00  00  00  00  00  00  00  18
  8780     4527.182   0137   8   00  00  00  00  00  00  00  18
  9001     4627.148   0137   8   00  00  00  00  00  00  00  18
  9217     4727.157   0137   8   00  00  00  00  00  00  00  18
  9435     4827.166   0137   8   00  00  00  00  00  00  00  18
  9652     4927.175   0137   8   00  00  00  00  00  00  00  18
  9900     5027.142   0137   8   00  00  00  00  00  00  00  18
 10152     5127.194   0137   8   00  00  00  00  00  00  00  18
 10373     5227.160   0137   8   00  00  00  00  00  00  00  18
 10593     5327.169   0137   8   00  00  00  00  00  00  00  18
 10812     5427.178   0137   8   00  00  00  00  00  00  00  18
 11032     5527.087   0137   8   00  00  00  00  00  00  00  18
 11254     5627.096   0137   8   00  00  00  00  00  00  00  18
 11474     5727.063   0137   8   00  00  00  00  00  00  00  18
 11695     5827.072   0137   8   00  00  00  00  00  00  00  18
 11914     5927.124   0137   8   00  00  00  00  00  00  00  18
 12149     6027.047   0137   8   00  00  00  00  00  00  00  18
 12389     6127.057   0137   8   00  00  00  00  00  00  00  18
 12612     6227.066   0137   8   00  00  00  00  00  00  00  18
 12831     6327.075   0137   8   00  00  00  00  00  00  00  18
 13049     6427.041   0137   8   00  00  00  00  00  00  00  18
 13269     6527.050   0137   8   00  00  00  00  00  00  00  18
 13489     6627.601   0137   8   00  00  00  00  00  00  00  18
 13704     6727.141   0137   8   00  00  00  00  00  00  00  18
 13922     6827.108   0137   8   00  00  00  00  00  00  00  18
 14138     6927.117   0137   8   00  00  00  00  00  00  00  18
 14389     7027.083   0137   8   00  00  00  00  00  00  00  18
 14644     7127.604   0137   8   00  00  00  00  00  00  00  18
 14867     7227.101   0137   8   00  00  00  00  00  00  00  18
 15090     7327.110   0137   8   00  00  00  00  00  00  00  18
 15312     7427.077   0137   8   00  00  00  00  00  00  00  18
 15537     7527.129   0137   8   00  00  00  00  00  00  00  18
 15758     7627.168   0137   8   00  00  00  00  00  00  00  18
 15973     7727.134   0137   8   00  00  00  00  00  00  00  18
 16190     7827.143   0137   8   00  00  00  00  00  00  00  18
 16406     7927.152   0137   8   00  00  00  00  00  00  00  18
 16640     8027.162   0137   8   00  00  00  00  00  00  01  0d
 16879     8127.171   0137   8   00  00  00  00  00  00  01  0d
 17103     8227.137   0137   8   00  00  00  00  00  00  01  0d
 17323     8327.146   0137   8   00  00  00  00  00  00  01  0d
 17542     8427.155   0137   8   00  00  00  00  00  00  01  0d
 17763     8527.164   0137   8   00  00  00  00  00  00  01  0d
 17984     8627.643   0137   8   00  00  00  00  00  00  01  0d
 18203     8727.170   0137   8   00  00  00  00  00  00  01  0d
 18424     8827.179   0137   8   00  00  00  00  00  00  01  0d
 18644     8927.188   0137   8   00  00  00  00  00  00  01  0d
 18895     9027.197   0137   8   00  00  00  00  00  00  01  0d
 19151     9127.249   0137   8   00  00  00  00  00  00  01  0d
 19372     9227.173   0137   8   00  00  00  00  00  00  01  0d
 19593     9327.182   0137   8   00  00  00  00  00  00  01  0d
 19811     9427.234   0137   8   00  00  00  00  00  00  01  0d
 20031     9527.200   0137   8   00  00  00  00  00  00  01  0d
 20250     9627.167   0137   8   00  00  00  00  00  00  01  0d
 20465     9727.076   0137   8   00  00  00  00  00  00  01  0d
 20682     9827.085   0137   8   00  00  00  00  00  00  01  0d
 20898     9927.137   0137   8   00  00  00  00  00  00  01  0d
 21129    10027.103   0137   8   00  00  00  00  00  00  01  0d
 21368    10127.112   0137   8   00  00  00  00  00  00  01  0d
 21592    10227.121   0137   8   00  00  00  00  00  00  01  0d
 21813    10327.130   0137   8   00  00  00  00  00  00  01  0d
 22034    10427.139   0137   8   00  00  00  00  00  00  01  0d
