    73       32.569   0137   8   00  00  00  00  00  00  00  19
   296      132.578   0137   8   00  00  00  00  00  00  00  19
   516      232.502   0137   8   00  00  00  00  00  00  00  19
   738      332.554   0137   8   00  00  00  00  00  00  00  19
   963      432.520   0137   8   00  00  00  00  00  00  00  19
  1186      532.529   0137   8   00  00  00  00  00  00  00  19
  1406      632.495   0137   8   00  00  00  00  00  00  00  19
  1634      732.547   0137   8   00  00  00  00  00  00  00  19
  1855      832.501   0137   8   00  00  00  00  00  00  00  19
  2095      932.595   0137   8   00  00  00  00  00  00  01  0d
  2348     1032.519   0137   8   00  00  00  00  00  00  01  0d
  2575     1132.571   0137   8   00  00  00  00  00  00  01  0d
  2795     1232.537   0137   8   00  00  00  00  00  00  01  0d
  3012     1332.589   0137   8   00  00  00  00  00  00  01  0d
  3233     1432.598   0137   8   00  00  00  00  00  00  01  0d
  3453     1532.607   0137   8   00  00  00  00  00  00  01  0d
  3670     1632.574   0137   8   00  00  00  00  00  00  01  0d
  3891     1732.583   0137   8   00  00  00  00  00  00  01  0d
  4111     1832.498   0137   8   00  00  00  00  00  00  01  0d
  4344     1932.465   0137   8   00  00  00  00  00  00  01  0d
  4582     2032.474   0137   8   00  00  00  00  00  00  01  0d
  4809     2132.483   0137   8   00  00  00  00  00  00  01  0d
  5032     2232.534   0137   8   00  00  00  00  00  00  01  0d
  5253     2332.544   0137   8   00  00  00  00  00  00  01  0d
  5476     2432.553   0137   8   00  00  00  00  00  00  01  0d
  5696     2532.519   0137   8   00  00  00  00  00  00  01  0d
  5913     2632.528   0137   8   00  00  00  00  00  00  01  0d
  6135     2732.537   0137   8   00  00  00  00  00  00  01  0d
  6353     2832.546   0137   8   00  00  00  00  00  00  01  0d
  6593     2932.628   0137   8   00  00  00  00  00  00  01  0d
  6845     3032.595   0137   8   00  00  00  00  00  00  01  0d
  7073     3132.604   0137   8   00  00  00  00  00  00  01  0d
  7293     3232.613   0137   8   00  00  00  00  00  00  01  0d
  7512     3332.622   0137   8   00  00  00  00  00  00  01  0d
  7734     3432.631   0137   8   00  00  00  00  00  00  01  0d
  7956     3532.982   0137   8   00  00  00  00  00  00  01  0d
