    16        6.425   0137   8   00  00  00  00  00  00  01  0d
   237      106.434   0137   8   00  00  00  00  00  00  01  0d
   457      206.443   0137   8   00  00  00  00  00  00  01  0d
   697      306.452   0137   8   00  00  00  00  00  00  01  0d
   952      406.461   0137   8   00  00  00  00  00  00  01  0d
  1182      506.470   0137   8   00  00  00  00  00  00  01  0d
  1404      606.479   0137   8   00  00  00  00  00  00  01  0d
  1622      706.446   0137   8   00  00  00  00  00  00  01  0d
  1842      806.455   0137   8   00  00  00  00  00  00  01  0d
  2060      906.464   0137   8   00  00  00  00  00  00  01  0d
  2276     1006.473   0137   8   00  00  00  00  00  00  01  0d
  2497     1106.512   0137   8   00  00  00  00  00  00  01  0d
  2715     1206.649   0137   8   00  00  00  00  00  00  01  0d
  2943     1306.530   0137   8   00  00  00  00  00  00  01  0d
  3179     1406.539   0137   8   00  00  00  00  00  00  01  0d
  3401     1506.549   0137   8   00  00  00  00  00  00  01  0d
  3620     1606.558   0137   8   00  00  00  00  00  00  01  0d
  3838     1706.567   0137   8   00  00  00  00  00  00  01  0d
  4063     1806.576   0137   8   00  00  00  00  00  00  01  0d
  4284     1906.585   0137   8   00  00  00  00  00  00  00  18
  4503     2006.594   0137   8   00  00  00  00  00  00  00  18
  4728     2106.503   0137   8   00  00  00  00  00  00  00  18
  4949     2206.512   0137   8   00  00  00  00  00  00  00  18
  5186     2306.521   0137   8   00  00  00  00  00  00  00  18
  5437     2406.530   0137   8   00  00  00  00  00  00  00  18
  5664     2506.540   0137   8   00  00  00  00  00  00  00  18
  5883     2606.549   0137   8   00  00  00  00  00  00  00  18
  6100     2706.558   0137   8   00  00  00  00  00  00  00  18
  6320     2806.567   0137   8   00  00  00  00  00  00  00  18
  6538     2906.576   0137   8   00  00  00  00  00  00  00  18
  6754     3006.585   0137   8   00  00  00  00  00  00  00  18
  6975     3106.594   0137   8   00  00  00  00  00  00  00  18
  7193     3206.804   0137   8   00  00  00  00  00  00  00  18
  7422     3306.642   0137   8   00  00  00  00  00  00  00  18
  7661     3406.652   0137   8   00  00  00  00  00  00  00  18
  7887     3507.087   0137   8   00  00  00  00  00  00  00  18
  8109     3606.670   0137   8   00  00  00  00  00  00  00  18
  8329     3706.679   0137   8   00  00  00  00  00  00  00  18
  8550     3806.688   0137   8   00  00  00  00  00  00  00  18
  8768     3906.697   0137   8   00  00  00  00  00  00  00  18
  8984     4006.663   0137   8   00  00  00  00  00  00  00  18
  9205     4106.673   0137   8   00  00  00  00  00  00  00  18
  9423     4206.712   0137   8   00  00  00  00  00  00  00  18
  9660     4306.721   0137   8   00  00  00  00  00  00  00  18
  9911     4406.730   0137   8   00  00  00  00  00  00  00  18
