     64    4865.901   03de   8   36  00  00  00  03  00  d0  01
    283    5865.853   03de   8   36  00  00  00  03  00  d0  01
    372    6359.223   03de   8   36  00  00  00  03  00  d1  01
    484    6865.927   03de   8   36  00  00  00  03  00  d1  01
    674    7865.859   03de   8   36  00  00  00  03  00  d1  01
    863    8865.993   03de   8   36  00  00  00  03  00  d1  01
   1052    9866.018   03de   8   36  00  00  00  03  00  d1  01
   1272   10866.013   03de   8   36  00  00  00  03  00  d1  01
   1472   11866.033   03de   8   36  00  00  00  03  00  d1  01
   1675   12866.002   03de   8   36  00  00  00  03  00  d1  01
   1860   13866.045   03de   8   36  00  00  00  03  00  d1  01
   1871   13897.521   03de   8   36  00  00  00  03  00  d0  01
