     41   231624.047   042f   8   00  00  00  00  00  00  03  20
     93   232054.047   042f   8   00  00  00  00  00  00  03  1f
    142   232462.203   0326   8   81  a0  25  b6  81  a0  00  00
    156   232576.047   042f   8   00  00  00  00  00  00  03  1d
    206   232992.047   042f   8   00  00  00  00  00  00  03  14
    260   233440.234   042f   8   00  00  00  00  00  00  03  0f
    326   233986.078   042f   8   00  00  00  00  00  00  03  03
    331   234028.234   0326   8   81  a0  25  b5  81  a0  00  00
    370   234348.109   042f   8   00  00  00  00  00  00  02  fb
    431   234854.125   042f   8   00  00  00  00  00  00  02  ec
    493   235368.125   042f   8   00  00  00  00  00  00  02  e4
    512   235526.109   0326   8   81  a0  25  b5  81  a0  00  00
    544   235792.297   042f   8   00  00  00  00  00  00  02  d4
    594   236206.109   042f   8   00  00  00  00  00  00  02  cb
    644   236620.125   042f   8   00  00  00  00  00  00  02  be
    695   237044.125   0326   8   81  a0  25  b4  81  a0  00  00
    707   237142.141   042f   8   00  00  00  00  00  00  02  b9
    758   237566.141   042f   8   00  00  00  00  00  00  02  ae
    833   266288.781   042f   8   00  00  00  00  00  00  03  20
    885   266718.781   042f   8   00  00  00  00  00  00  03  1f
    934   267126.938   0326   8   81  a0  25  b6  81  a0  00  00
    948   267240.688   042f   8   00  00  00  00  00  00  03  1d
    998   267656.688   042f   8   00  00  00  00  00  00  03  14
   1052   268104.875   042f   8   00  00  00  00  00  00  03  0f
   1118   268650.625   042f   8   00  00  00  00  00  00  03  03
   1123   268692.781   0326   8   81  a0  25  b5  81  a0  00  00
   1162   269012.625   042f   8   00  00  00  00  00  00  02  fb
   1223   269518.750   042f   8   00  00  00  00  00  00  02  ec
   1285   270032.750   042f   8   00  00  00  00  00  00  02  e4
   1304   270190.656   0326   8   81  a0  25  b5  81  a0  00  00
   1336   270456.844   042f   8   00  00  00  00  00  00  02  d4
   1386   270870.688   042f   8   00  00  00  00  00  00  02  cb
   1426   271196.719   0326   8   09  a0  25  b5  81  a0  00  00
   1437   271284.781   042f   8   00  00  00  00  00  00  02  be
   1488   271708.781   0326   8   81  a0  25  b4  81  a0  00  00
   1500   271806.813   042f   8   00  00  00  00  00  00  02  b9
   1551   272230.906   042f   8   00  00  00  00  00  00  02  ae
   1586   276359.594   0326   8   09  a0  25  b4  81  a0  00  00
