    166   53828.203   0326   8   81  a0  45  b8  81  a0  00  00
    349   53927.426   0326   8   81  a0  45  b8  81  a0  00  00
    533   54028.176   0326   8   81  a0  45  b7  81  a0  00  00
    713   54127.430   0326   8   81  a0  45  b8  81  a0  00  00
    899   54227.711   0326   8   81  a0  45  b7  81  a0  00  00
   1078   54328.063   0326   8   81  a0  45  b7  81  a0  00  00
   1278   54427.336   0326   8   81  a0  45  b7  81  a0  00  00
   1466   54529.078   0326   8   81  a0  45  b7  81  a0  00  00
   1650   54627.320   0326   8   81  a0  45  b7  81  a0  00  00
   1837   54728.344   0326   8   81  a0  45  b7  81  a0  00  00
   2023   54827.215   0326   8   81  a0  45  b7  81  a0  00  00
   2205   54927.328   0326   8   81  a0  45  b7  81  a0  00  00
   2388   55027.098   0326   8   81  a0  45  b7  81  a0  00  00
   2571   55127.309   0326   8   81  a0  45  b7  81  a0  00  00
   2754   55227.316   0326   8   81  a0  45  b7  81  a0  00  00
   2933   55327.445   0326   8   81  a0  45  b7  81  a0  00  00
   3137   55427.746   0326   8   81  a0  45  b7  81  a0  00  00
   3322   55529.430   0326   8   81  a0  45  b7  81  a0  00  00
   3506   55627.438   0326   8   81  a0  45  b7  81  a0  00  00
   3694   55728.172   0326   8   81  a0  45  b7  81  a0  00  00
   3879   55827.203   0326   8   81  a0  45  b6  81  a0  00  00
   4060   55927.465   0326   8   81  a0  45  b7  81  a0  00  00
   4245   56027.266   0326   8   81  a0  45  b6  81  a0  00  00
   4426   56127.438   0326   8   81  a0  45  b6  81  a0  00  00
   4609   56227.445   0326   8   81  a0  45  b6  81  a0  00  00
   4790   56327.184   0326   8   81  a0  45  b6  81  a0  00  00
   4991   56427.438   0326   8   81  a0  45  b6  81  a0  00  00
   5178   56529.422   0326   8   81  a0  45  b6  81  a0  00  00
   5364   56627.758   0326   8   81  a0  45  b6  81  a0  00  00
   5549   56728.402   0326   8   81  a0  45  b6  81  a0  00  00
   5734   56827.434   0326   8   81  a0  45  b6  81  a0  00  00
   5918   56927.422   0326   8   81  a0  45  b6  81  a0  00  00
   6102   57027.883   0326   8   81  a0  45  b6  81  a0  00  00
   6283   57127.895   0326   8   81  a0  45  b6  81  a0  00  00
   6467   57227.273   0326   8   81  a0  45  b6  81  a0  00  00
   6646   57327.449   0326   8   81  a0  45  b6  81  a0  00  00
   6847   57427.199   0326   8   81  a0  45  b6  81  a0  00  00
   7035   57529.172   0326   8   81  a0  45  b6  81  a0  00  00
   7219   57626.508   0326   8   81  a0  45  b6  81  a0  00  00
   7405   57728.383   0326   8   81  a0  45  b6  81  a0  00  00
   7592   57827.293   0326   8   81  a0  45  b6  81  a0  00  00
   7774   57926.535   0326   8   81  a0  45  b6  81  a0  00  00
   7956   58027.195   0326   8   81  a0  45  b6  81  a0  00  00
   8139   58126.492   0326   8   81  a0  45  b6  81  a0  00  00
   8322   58226.379   0326   8   81  a0  45  b6  81  a0  00  00
   8502   58326.246   0326   8   81  a0  45  b6  81  a0  00  00
   8704   58426.297   0326   8   81  a0  45  b6  81  a0  00  00
   8891   58529.160   0326   8   81  a0  45  b6  81  a0  00  00
   9076   58626.430   0326   8   81  a0  45  b6  81  a0  00  00
   9264   58728.082   0326   8   81  a0  45  b6  81  a0  00  00
   9450   58827.859   0326   8   81  a0  45  b6  81  a0  00  00
   9633   58926.184   0326   8   81  a0  45  b6  81  a0  00  00
   9820   59027.918   0326   8   81  a0  45  b6  81  a0  00  00
  10000   59126.219   0326   8   81  a0  45  b6  81  a0  00  00
  10184   59227.879   0326   8   81  a0  45  b6  81  a0  00  00
  10363   59326.387   0326   8   81  a0  45  b6  81  a0  00  00
  10565   59426.285   0326   8   81  a0  45  b6  81  a0  00  00
  10753   59529.020   0326   8   81  a0  45  b6  81  a0  00  00
  10937   59626.348   0326   8   81  a0  45  b6  81  a0  00  00
  11124   59728.895   0326   8   81  a0  45  b6  81  a0  00  00
  11308   59826.379   0326   8   81  a0  45  b6  81  a0  00  00
  11491   59926.242   0326   8   81  a0  45  b6  81  a0  00  00
  11675   60026.055   0326   8   81  a0  45  b6  81  a0  00  00
  11855   60126.098   0326   8   81  a0  45  b6  81  a0  00  00
  12040   60226.207   0326   8   81  a0  45  b5  81  a0  00  00
  12219   60325.980   0326   8   81  a0  45  b5  81  a0  00  00
  12420   60425.977   0326   8   81  a0  45  b5  81  a0  00  00
  12609   60528.730   0326   8   81  a0  45  b5  81  a0  00  00
  12792   60625.941   0326   8   81  a0  45  b5  81  a0  00  00
  12979   60727.781   0326   8   81  a0  45  b5  81  a0  00  00
  13165   60826.094   0326   8   81  a0  45  b5  81  a0  00  00
  13346   60925.688   0326   8   81  a0  45  b5  81  a0  00  00
  13530   61025.910   0326   8   81  a0  45  b5  81  a0  00  00
  13713   61126.094   0326   8   81  a0  45  b5  81  a0  00  00
  13895   61225.621   0326   8   81  a0  45  b5  81  a0  00  00
  14074   61325.809   0326   8   81  a0  45  b5  81  a0  00  00
  14278   61426.387   0326   8   81  a0  45  b5  81  a0  00  00
  14465   61528.820   0326   8   81  a0  45  b5  81  a0  00  00
  14648   61625.992   0326   8   81  a0  45  b5  81  a0  00  00
  14837   61727.898   0326   8   81  a0  45  b5  81  a0  00  00
  15021   61826.016   0326   8   81  a0  45  b5  81  a0  00  00
  15202   61925.785   0326   8   81  a0  45  b5  81  a0  00  00
  15388   62026.219   0326   8   81  a0  45  b5  81  a0  00  00
  15568   62125.766   0326   8   81  a0  45  b5  81  a0  00  00
  15751   62226.039   0326   8   81  a0  45  b5  81  a0  00  00
  15931   62326.051   0326   8   81  a0  45  b5  81  a0  00  00
  16133   62425.871   0326   8   81  a0  45  b5  81  a0  00  00
  16322   62528.895   0326   8   81  a0  45  b5  81  a0  00  00
  16505   62626.035   0326   8   81  a0  45  b5  81  a0  00  00
  16692   62727.477   0326   8   81  a0  45  b5  81  a0  00  00
  16877   62825.934   0326   8   81  a0  45  b4  81  a0  00  00
  17060   62926.023   0326   8   81  a0  45  b5  81  a0  00  00
  17244   63025.930   0326   8   81  a0  45  b4  81  a0  00  00
  17425   63125.938   0326   8   81  a0  45  b4  81  a0  00  00
  17609   63226.066   0326   8   81  a0  45  b4  81  a0  00  00
  17788   63325.578   0326   8   81  a0  45  b4  81  a0  00  00
  17990   63425.863   0326   8   81  a0  45  b4  81  a0  00  00
  18179   63528.660   0326   8   81  a0  45  b4  81  a0  00  00
  18362   63625.566   0326   8   81  a0  45  b4  81  a0  00  00
  18552   63727.418   0326   8   81  a0  45  b4  81  a0  00  00
  18738   63825.961   0326   8   81  a0  45  b4  81  a0  00  00
  18920   63925.566   0326   8   81  a0  45  b4  81  a0  00  00
  19104   64025.840   0326   8   81  a0  45  b3  81  a0  00  00
  19286   64125.910   0326   8   81  a0  45  b3  81  a0  00  00
  19470   64225.879   0326   8   81  a0  45  b3  81  a0  00  00
  19647   64325.699   0326   8   81  a0  45  b3  81  a0  00  00
  19850   64426.031   0326   8   81  a0  45  b3  81  a0  00  00
  20038   64528.766   0326   8   81  a0  45  b2  81  a0  00  00
  20221   64625.926   0326   8   81  a0  45  b2  81  a0  00  00
  20410   64727.457   0326   8   81  a0  45  b2  81  a0  00  00
  20595   64825.945   0326   8   81  a0  45  b2  81  a0  00  00
  20777   64925.934   0326   8   81  a0  45  b2  81  a0  00  00
  20961   65026.020   0326   8   81  a0  45  b2  81  a0  00  00
  21142   65125.676   0326   8   81  a0  45  b2  81  a0  00  00
  21322   65224.914   0326   8   81  a0  45  b2  81  a0  00  00
  21506   65326.133   0326   8   81  a0  45  b2  81  a0  00  00
  21708   65425.996   0326   8   81  a0  45  b2  81  a0  00  00
  21896   65528.652   0326   8   81  a0  45  b2  81  a0  00  00
  22079   65626.094   0326   8   81  a0  45  b2  81  a0  00  00
  22265   65727.594   0326   8   81  a0  45  b2  81  a0  00  00
  22445   65824.758   0326   8   81  a0  45  b2  81  a0  00  00
  22631   65925.664   0326   8   81  a0  45  b2  81  a0  00  00
  22812   66024.742   0326   8   81  a0  45  b2  81  a0  00  00
  22994   66124.906   0326   8   81  a0  45  b2  81  a0  00  00
  23181   66225.641   0326   8   81  a0  45  b2  81  a0  00  00
  23358   66324.742   0326   8   81  a0  45  b2  81  a0  00  00
  23558   66424.828   0326   8   81  a0  45  b1  81  a0  00  00
  23752   66528.445   0326   8   81  a0  45  b1  81  a0  00  00
  23930   66624.742   0326   8   81  a0  45  b1  81  a0  00  00
  24117   66725.586   0326   8   81  a0  45  b1  81  a0  00  00
  24304   66825.688   0326   8   81  a0  45  b1  81  a0  00  00
  24486   66925.359   0326   8   81  a0  45  b1  81  a0  00  00
  24666   67024.781   0326   8   81  a0  45  b1  81  a0  00  00
  24852   67125.656   0326   8   81  a0  45  b1  81  a0  00  00
  25039   67227.242   0326   8   81  a0  45  b1  81  a0  00  00
  25216   67326.141   0326   8   81  a0  45  b1  81  a0  00  00
  25418   67426.031   0326   8   81  a0  45  b1  81  a0  00  00
  25607   67528.656   0326   8   81  a0  45  b1  81  a0  00  00
  25786   67625.234   0326   8   81  a0  45  b1  81  a0  00  00
  25979   67726.539   0326   8   81  a0  45  b1  81  a0  00  00
  26161   67824.625   0326   8   81  a0  45  b1  81  a0  00  00
  26344   67924.625   0326   8   81  a0  45  b1  81  a0  00  00
  26532   68025.227   0326   8   81  a0  45  b1  81  a0  00  00
  26716   68124.547   0326   8   81  a0  45  b1  81  a0  00  00
  26901   68224.695   0326   8   81  a0  45  b1  81  a0  00  00
  27084   68325.156   0326   8   81  a0  45  b1  81  a0  00  00
  27287   68424.719   0326   8   81  a0  45  b1  81  a0  00  00
  27480   68527.195   0326   8   81  a0  45  b1  81  a0  00  00
  27661   68624.945   0326   8   81  a0  45  b1  81  a0  00  00
  27848   68725.063   0326   8   81  a0  45  b1  81  a0  00  00
  28033   68824.750   0326   8   81  a0  45  b1  81  a0  00  00
  28217   68924.906   0326   8   81  a0  45  b1  81  a0  00  00
  28403   69024.695   0326   8   81  a0  45  b1  81  a0  00  00
  28586   69124.750   0326   8   81  a0  45  b1  81  a0  00  00
  28774   69224.938   0326   8   81  a0  45  b1  81  a0  00  00
  28955   69324.711   0326   8   81  a0  45  b1  81  a0  00  00
  29156   69424.781   0326   8   81  a0  45  b1  81  a0  00  00
  29349   69526.883   0326   8   81  a0  45  b1  81  a0  00  00
  29528   69624.703   0326   8   81  a0  45  b1  81  a0  00  00
  29714   69724.969   0326   8   81  a0  45  b1  81  a0  00  00
  29900   69824.938   0326   8   81  a0  45  b1  81  a0  00  00
  30083   69924.781   0326   8   81  a0  45  b1  81  a0  00  00
  30266   70024.797   0326   8   81  a0  45  b1  81  a0  00  00
  30448   70124.938   0326   8   81  a0  45  b1  81  a0  00  00
  30630   70223.977   0326   8   81  a0  45  b1  81  a0  00  00
  30812   70324.633   0326   8   81  a0  45  b1  81  a0  00  00
  31014   70424.859   0326   8   81  a0  45  b1  81  a0  00  00
  31206   70526.602   0326   8   81  a0  45  b1  81  a0  00  00
  31384   70624.773   0326   8   81  a0  45  b1  81  a0  00  00
  31569   70724.859   0326   8   81  a0  45  b1  81  a0  00  00
  31756   70824.633   0326   8   81  a0  45  b1  81  a0  00  00
  31938   70924.867   0326   8   81  a0  45  b1  81  a0  00  00
  32122   71024.828   0326   8   81  a0  45  b1  81  a0  00  00
  32304   71124.648   0326   8   81  a0  45  b1  81  a0  00  00
  32488   71224.742   0326   8   81  a0  45  b1  81  a0  00  00
  32668   71324.727   0326   8   81  a0  45  b1  81  a0  00  00
  32867   71423.781   0326   8   81  a0  45  b1  81  a0  00  00
  33061   71526.219   0326   8   81  a0  45  b1  81  a0  00  00
  33241   71624.742   0326   8   81  a0  45  b1  81  a0  00  00
  33427   71724.742   0326   8   81  a0  45  b1  81  a0  00  00
  33612   71824.609   0326   8   81  a0  45  b1  81  a0  00  00
  33795   71924.703   0326   8   81  a0  45  b1  81  a0  00  00
  33979   72024.523   0326   8   81  a0  45  b1  81  a0  00  00
  34160   72124.500   0326   8   81  a0  45  b1  81  a0  00  00
  34345   72224.727   0326   8   81  a0  45  b2  81  a0  00  00
  34528   72325.320   0326   8   81  a0  45  b1  81  a0  00  00
  34726   72424.523   0326   8   81  a0  45  b1  81  a0  00  00
  34917   72525.969   0326   8   81  a0  45  b1  81  a0  00  00
  35100   72624.984   0326   8   81  a0  45  b1  81  a0  00  00
  35287   72725.875   0326   8   81  a0  45  b1  81  a0  00  00
  35468   72824.633   0326   8   81  a0  45  b1  81  a0  00  00
  35654   72925.281   0326   8   81  a0  45  b1  81  a0  00  00
  35837   73025.281   0326   8   81  a0  45  b1  81  a0  00  00
  36020   73125.648   0326   8   81  a0  45  b1  81  a0  00  00
  36201   73224.453   0326   8   81  a0  45  b1  81  a0  00  00
  36380   73324.289   0326   8   81  a0  45  b1  81  a0  00  00
  36585   73425.273   0326   8   81  a0  45  b1  81  a0  00  00
  36773   73525.586   0326   8   81  a0  45  b1  81  a0  00  00
  36955   73624.883   0326   8   81  a0  45  b1  81  a0  00  00
  37141   73725.273   0326   8   81  a0  45  b1  81  a0  00  00
  37325   73824.359   0326   8   81  a0  45  b1  81  a0  00  00
  37507   73924.313   0326   8   81  a0  45  b1  81  a0  00  00
  37695   74025.258   0326   8   81  a0  45  b1  81  a0  00  00
  37874   74124.344   0326   8   81  a0  45  b1  81  a0  00  00
  38060   74224.906   0326   8   81  a0  45  b1  81  a0  00  00
  38242   74325.430   0326   8   81  a0  45  b1  81  a0  00  00
  38441   74424.219   0326   8   81  a0  45  b1  81  a0  00  00
  38632   74525.898   0326   8   81  a0  45  b1  81  a0  00  00
  38815   74625.164   0326   8   81  a0  45  b1  81  a0  00  00
  38997   74724.211   0326   8   81  a0  45  b1  81  a0  00  00
  39188   74825.570   0326   8   81  a0  45  b1  81  a0  00  00
  39357   74922.234   0326   8   81  a0  45  b1  81  a0  00  00
  39550   75024.234   0326   8   81  a0  45  b1  81  a0  00  00
  39735   75124.805   0326   8   81  a0  45  b1  81  a0  00  00
  39908   75222.180   0326   8   81  a0  45  b1  81  a0  00  00
  40089   75322.047   0326   8   81  a0  45  b1  81  a0  00  00
  40301   75424.953   0326   8   81  a0  45  b1  81  a0  00  00
  40488   75525.086   0326   8   81  a0  45  b1  81  a0  00  00
  40663   75622.156   0326   8   81  a0  45  b1  81  a0  00  00
  40855   75724.109   0326   8   81  a0  45  b1  81  a0  00  00
  41033   75822.063   0326   8   81  a0  45  b1  81  a0  00  00
  41218   75921.953   0326   8   81  a0  45  b1  81  a0  00  00
  41411   76024.703   0326   8   81  a0  45  b1  81  a0  00  00
  41582   76121.867   0326   8   81  a0  45  b1  81  a0  00  00
  41775   76224.117   0326   8   81  a0  45  b1  81  a0  00  00
  41947   76322.125   0326   8   81  a0  45  b1  81  a0  00  00
  42148   76422.156   0326   8   81  a0  45  b1  81  a0  00  00
  42343   76524.203   0326   8   81  a0  45  b1  81  a0  00  00
  42519   76622.156   0326   8   81  a0  45  b1  81  a0  00  00
  42717   76725.195   0326   8   81  a0  45  b1  81  a0  00  00
  42893   76822.305   0326   8   81  a0  45  b1  81  a0  00  00
  43073   76921.961   0326   8   81  a0  45  b1  81  a0  00  00
  43257   77022.195   0326   8   81  a0  45  b1  81  a0  00  00
  43440   77121.758   0326   8   81  a0  45  b1  81  a0  00  00
  43623   77222.172   0326   8   81  a0  45  b1  81  a0  00  00
  43803   77321.813   0326   8   81  a0  45  b1  81  a0  00  00
  44005   77421.586   0326   8   81  a0  45  b1  81  a0  00  00
  44200   77524.086   0326   8   81  a0  45  b1  81  a0  00  00
  44375   77621.539   0326   8   81  a0  45  b1  81  a0  00  00
  44571   77724.148   0326   8   81  a0  45  b1  81  a0  00  00
  44747   77821.500   0326   8   81  a0  45  b1  81  a0  00  00
  44931   77921.477   0326   8   81  a0  45  b1  81  a0  00  00
  45115   78021.453   0326   8   81  a0  45  b1  81  a0  00  00
  45296   78121.430   0326   8   81  a0  45  b1  81  a0  00  00
  45480   78221.406   0326   8   81  a0  45  b1  81  a0  00  00
  45662   78321.484   0326   8   81  a0  45  b1  81  a0  00  00
  45863   78422.125   0326   8   81  a0  45  b1  81  a0  00  00
  46061   78525.164   0326   8   81  a0  45  b1  81  a0  00  00
  46236   78621.422   0326   8   81  a0  45  b1  81  a0  00  00
  46423   78722.547   0326   8   81  a0  45  b1  81  a0  00  00
  46606   78821.375   0326   8   81  a0  45  b1  81  a0  00  00
  46791   78921.352   0326   8   81  a0  45  b1  81  a0  00  00
  46972   79021.492   0326   8   81  a0  45  b2  81  a0  00  00
  47155   79121.320   0326   8   81  a0  45  b1  81  a0  00  00
  47339   79221.281   0326   8   81  a0  45  b1  81  a0  00  00
  47519   79321.461   0326   8   81  a0  45  b1  81  a0  00  00
  47720   79421.344   0326   8   81  a0  45  b2  81  a0  00  00
  47917   79524.289   0326   8   81  a0  45  b1  81  a0  00  00
  48091   79621.313   0326   8   81  a0  45  b2  81  a0  00  00
  48279   79722.250   0326   8   81  a0  45  b2  81  a0  00  00
  48465   79821.258   0326   8   81  a0  45  b1  81  a0  00  00
  48647   79921.234   0326   8   81  a0  45  b2  81  a0  00  00
  48830   80021.227   0326   8   81  a0  45  b2  81  a0  00  00
  49015   80121.195   0326   8   81  a0  45  b2  81  a0  00  00
  49196   80221.172   0326   8   81  a0  45  b2  81  a0  00  00
  49377   80321.242   0326   8   81  a0  45  b2  81  a0  00  00
  49579   80421.227   0326   8   81  a0  45  b2  81  a0  00  00
  49775   80524.430   0326   8   81  a0  45  b2  81  a0  00  00
  49950   80621.180   0326   8   81  a0  45  b2  81  a0  00  00
  50138   80722.273   0326   8   81  a0  45  b2  81  a0  00  00
  50321   80821.133   0326   8   81  a0  45  b2  81  a0  00  00
  50506   80921.109   0326   8   81  a0  45  b2  81  a0  00  00
  50690   81021.094   0326   8   81  a0  45  b2  81  a0  00  00
  50870   81121.063   0326   8   81  a0  45  b2  81  a0  00  00
  51054   81221.055   0326   8   81  a0  45  b2  81  a0  00  00
  51236   81321.125   0326   8   81  a0  45  b2  81  a0  00  00
  51435   81421.102   0326   8   81  a0  45  b2  81  a0  00  00
  51636   81525.688   0326   8   81  a0  45  b2  81  a0  00  00
  51809   81621.063   0326   8   81  a0  45  b2  81  a0  00  00
  51994   81722.195   0326   8   81  a0  45  b2  81  a0  00  00
  52180   81821.023   0326   8   81  a0  45  b2  81  a0  00  00
  52365   81920.992   0326   8   81  a0  45  b2  81  a0  00  00
  52547   82020.977   0326   8   81  a0  45  b2  81  a0  00  00
  52730   82120.953   0326   8   81  a0  45  b2  81  a0  00  00
  52914   82220.938   0326   8   81  a0  45  b2  81  a0  00  00
  53093   82321.008   0326   8   81  a0  45  b2  81  a0  00  00
  53295   82420.984   0326   8   81  a0  45  b2  81  a0  00  00
  53492   82524.438   0326   8   81  a0  45  b2  81  a0  00  00
  53666   82620.938   0326   8   81  a0  45  b2  81  a0  00  00
  53852   82721.891   0326   8   81  a0  45  b2  81  a0  00  00
  54040   82820.906   0326   8   81  a0  45  b2  81  a0  00  00
  54222   82920.891   0326   8   81  a0  45  b2  81  a0  00  00
  54405   83020.859   0326   8   81  a0  45  b2  81  a0  00  00
  54590   83120.828   0326   8   81  a0  45  b2  81  a0  00  00
  54771   83220.977   0326   8   81  a0  45  b2  81  a0  00  00
  54951   83320.898   0326   8   81  a0  45  b2  81  a0  00  00
  55153   83420.859   0326   8   81  a0  45  b2  81  a0  00  00
  55348   83524.688   0326   8   81  a0  45  b2  81  a0  00  00
  55523   83620.820   0326   8   81  a0  45  b2  81  a0  00  00
  55710   83721.773   0326   8   81  a0  45  b2  81  a0  00  00
  55894   83820.773   0326   8   81  a0  45  b2  81  a0  00  00
  56079   83920.773   0326   8   81  a0  45  b2  81  a0  00  00
  56263   84020.750   0326   8   81  a0  45  b2  81  a0  00  00
  56444   84120.727   0326   8   81  a0  45  b2  81  a0  00  00
  56627   84220.695   0326   8   81  a0  45  b2  81  a0  00  00
  56810   84320.711   0326   8   81  a0  45  b2  81  a0  00  00
  57009   84420.695   0326   8   81  a0  45  b2  81  a0  00  00
  57197   84522.648   0326   8   81  a0  45  b2  81  a0  00  00
  57382   84620.641   0326   8   81  a0  45  b2  81  a0  00  00
  57567   84721.602   0326   8   81  a0  45  b2  81  a0  00  00
  57753   84820.602   0326   8   81  a0  45  b2  81  a0  00  00
  57938   84920.578   0326   8   81  a0  45  b2  81  a0  00  00
  58120   85020.555   0326   8   81  a0  45  b2  81  a0  00  00
  58303   85120.539   0326   8   81  a0  45  b2  81  a0  00  00
  58488   85220.516   0326   8   81  a0  45  b2  81  a0  00  00
  58667   85320.484   0326   8   81  a0  45  b2  81  a0  00  00
  58868   85420.461   0326   8   81  a0  45  b2  81  a0  00  00
  59057   85522.422   0326   8   81  a0  45  b2  81  a0  00  00
  59240   85620.414   0326   8   81  a0  45  b2  81  a0  00  00
  59426   85721.375   0326   8   81  a0  45  b3  81  a0  00  00
  59614   85820.383   0326   8   81  a0  45  b3  81  a0  00  00
  59796   85920.359   0326   8   81  a0  45  b3  81  a0  00  00
  59979   86020.336   0326   8   81  a0  45  b3  81  a0  00  00
  60163   86120.320   0326   8   81  a0  45  b3  81  a0  00  00
  60344   86220.305   0326   8   81  a0  45  b3  81  a0  00  00
  60525   86320.273   0326   8   81  a0  45  b3  81  a0  00  00
  60727   86420.250   0326   8   81  a0  45  b4  81  a0  00  00
  60912   86522.203   0326   8   81  a0  45  b4  81  a0  00  00
  61097   86620.203   0326   8   81  a0  45  b4  81  a0  00  00
  61284   86721.148   0326   8   81  a0  45  b4  81  a0  00  00
  61468   86820.156   0326   8   81  a0  45  b4  81  a0  00  00
  61652   86920.133   0326   8   81  a0  45  b4  81  a0  00  00
  61836   87020.117   0326   8   81  a0  45  b4  81  a0  00  00
  62017   87120.094   0326   8   81  a0  45  b4  81  a0  00  00
  62200   87220.078   0326   8   81  a0  45  b4  81  a0  00  00
  62383   87319.945   0326   8   81  a0  45  b4  81  a0  00  00
  62582   87419.938   0326   8   81  a0  45  b4  81  a0  00  00
  62768   87521.891   0326   8   81  a0  45  b4  81  a0  00  00
  62954   87619.883   0326   8   81  a0  45  b5  81  a0  00  00
  63138   87720.836   0326   8   81  a0  45  b5  81  a0  00  00
  63324   87819.852   0326   8   81  a0  45  b5  81  a0  00  00
  63509   87919.828   0326   8   81  a0  45  b5  81  a0  00  00
  63691   88019.820   0326   8   81  a0  45  b5  81  a0  00  00
  63875   88119.773   0326   8   81  a0  45  b5  81  a0  00  00
  64060   88219.758   0326   8   81  a0  45  b5  81  a0  00  00
  64239   88319.828   0326   8   81  a0  45  b5  81  a0  00  00
  64440   88419.813   0326   8   81  a0  45  b6  81  a0  00  00
  64628   88521.766   0326   8   81  a0  45  b6  81  a0  00  00
  64811   88619.766   0326   8   81  a0  45  b6  81  a0  00  00
  64998   88720.719   0326   8   81  a0  45  b6  81  a0  00  00
  65185   88819.727   0326   8   81  a0  45  b6  81  a0  00  00
  65367   88919.719   0326   8   81  a0  45  b6  81  a0  00  00
  65550   89019.680   0326   8   81  a0  45  b6  81  a0  00  00
  65734   89119.664   0326   8   81  a0  45  b6  81  a0  00  00
  65915   89219.648   0326   8   81  a0  45  b6  81  a0  00  00
  66096   89319.531   0326   8   81  a0  45  b6  81  a0  00  00
  66298   89419.508   0326   8   81  a0  45  b6  81  a0  00  00
  66483   89521.453   0326   8   81  a0  45  b6  81  a0  00  00
  66667   89619.445   0326   8   81  a0  45  b6  81  a0  00  00
  66854   89720.398   0326   8   81  a0  45  b6  81  a0  00  00
  67038   89819.406   0326   8   81  a0  45  b6  81  a0  00  00
  67222   89919.383   0326   8   81  a0  45  b6  81  a0  00  00
  67406   90019.367   0326   8   81  a0  45  b6  81  a0  00  00
  67587   90119.359   0326   8   81  a0  45  b6  81  a0  00  00
  67770   90219.320   0326   8   81  a0  45  b6  81  a0  00  00
  67952   90319.406   0326   8   81  a0  45  b6  81  a0  00  00
  68151   90419.375   0326   8   81  a0  45  b6  81  a0  00  00
  68338   90521.344   0326   8   81  a0  45  b6  81  a0  00  00
  68524   90619.336   0326   8   81  a0  45  b6  81  a0  00  00
  68708   90720.281   0326   8   81  a0  45  b6  81  a0  00  00
  68894   90819.289   0326   8   81  a0  45  b6  81  a0  00  00
  69079   90919.266   0326   8   81  a0  45  b6  81  a0  00  00
  69260   91019.242   0326   8   81  a0  45  b6  81  a0  00  00
  69443   91119.219   0326   8   81  a0  45  b5  81  a0  00  00
  69627   91219.211   0326   8   81  a0  45  b5  81  a0  00  00
  69806   91319.188   0326   8   81  a0  45  b5  81  a0  00  00
  70007   91419.172   0326   8   81  a0  45  b5  81  a0  00  00
  70195   91521.141   0326   8   81  a0  45  b4  81  a0  00  00
  70378   91619.133   0326   8   81  a0  45  b4  81  a0  00  00
  70563   91720.070   0326   8   81  a0  45  b4  81  a0  00  00
  70750   91819.086   0326   8   81  a0  45  b4  81  a0  00  00
  70932   91919.063   0326   8   81  a0  45  b4  81  a0  00  00
  71115   92019.047   0326   8   81  a0  45  b4  81  a0  00  00
  71299   92119.031   0326   8   81  a0  45  b4  81  a0  00  00
  71480   92219.000   0326   8   81  a0  45  b4  81  a0  00  00
  71661   92319.016   0326   8   81  a0  45  b4  81  a0  00  00
  71863   92418.977   0326   8   81  a0  45  b4  81  a0  00  00
  72048   92520.922   0326   8   81  a0  45  b4  81  a0  00  00
  72233   92619.063   0326   8   81  a0  45  b4  81  a0  00  00
  72420   92719.875   0326   8   81  a0  45  b4  81  a0  00  00
  72604   92818.875   0326   8   81  a0  45  b4  81  a0  00  00
  72788   92919.070   0326   8   81  a0  45  b4  81  a0  00  00
  72973   93018.836   0326   8   81  a0  45  b4  81  a0  00  00
  73154   93118.805   0326   8   81  a0  45  b4  81  a0  00  00
  73336   93218.789   0326   8   81  a0  45  b4  81  a0  00  00
  73519   93318.742   0326   8   81  a0  45  b4  81  a0  00  00
  73718   93418.734   0326   8   81  a0  45  b4  81  a0  00  00
  73905   93520.680   0326   8   81  a0  45  b4  81  a0  00  00
  74091   93618.680   0326   8   81  a0  45  b4  81  a0  00  00
  74278   93719.641   0326   8   81  a0  45  b4  81  a0  00  00
  74462   93818.648   0326   8   81  a0  45  b4  81  a0  00  00
  74648   93918.609   0326   8   81  a0  45  b4  81  a0  00  00
  74829   94018.594   0326   8   81  a0  45  b4  81  a0  00  00
  75011   94118.578   0326   8   81  a0  45  b5  81  a0  00  00
  75196   94218.547   0326   8   81  a0  45  b4  81  a0  00  00
  75375   94318.531   0326   8   81  a0  45  b4  81  a0  00  00
  75575   94418.516   0326   8   81  a0  45  b5  81  a0  00  00
  75764   94520.469   0326   8   81  a0  45  b4  81  a0  00  00
  75947   94618.469   0326   8   81  a0  45  b4  81  a0  00  00
  76134   94719.406   0326   8   81  a0  45  b4  81  a0  00  00
  76321   94818.430   0326   8   81  a0  45  b4  81  a0  00  00
  76503   94918.898   0326   8   81  a0  45  b5  81  a0  00  00
  76685   95018.383   0326   8   81  a0  45  b5  81  a0  00  00
  76870   95118.367   0326   8   81  a0  45  b4  81  a0  00  00
  77051   95218.344   0326   8   81  a0  45  b5  81  a0  00  00
  77231   95318.313   0326   8   81  a0  45  b4  81  a0  00  00
  77434   95418.297   0326   8   81  a0  45  b5  81  a0  00  00
  77619   95520.258   0326   8   81  a0  45  b5  81  a0  00  00
  77803   95618.250   0326   8   81  a0  45  b5  81  a0  00  00
  77991   95719.203   0326   8   81  a0  45  b5  81  a0  00  00
  78175   95818.211   0326   8   81  a0  45  b5  81  a0  00  00
  78357   95918.188   0326   8   81  a0  45  b5  81  a0  00  00
  78542   96019.047   0326   8   81  a0  45  b5  81  a0  00  00
  78723   96118.141   0326   8   81  a0  45  b5  81  a0  00  00
  78905   96218.133   0326   8   81  a0  45  b5  81  a0  00  00
  79088   96318.102   0326   8   81  a0  45  b5  81  a0  00  00
  79287   96418.078   0326   8   81  a0  45  b5  81  a0  00  00
  79474   96520.039   0326   8   81  a0  45  b5  81  a0  00  00
  79660   96618.039   0326   8   81  a0  45  b5  81  a0  00  00
  79844   96718.992   0326   8   81  a0  45  b5  81  a0  00  00
  80029   96817.992   0326   8   81  a0  45  b5  81  a0  00  00
  80215   96917.969   0326   8   81  a0  45  b5  81  a0  00  00
  80396   97017.953   0326   8   81  a0  45  b5  81  a0  00  00
  80578   97117.938   0326   8   81  a0  45  b5  81  a0  00  00
  80763   97217.906   0326   8   81  a0  45  b5  81  a0  00  00
  80942   97317.891   0326   8   81  a0  45  b5  81  a0  00  00
  81142   97417.875   0326   8   81  a0  45  b5  81  a0  00  00
  81331   97519.828   0326   8   81  a0  45  b5  81  a0  00  00
  81514   97617.828   0326   8   81  a0  45  b5  81  a0  00  00
  81699   97718.773   0326   8   81  a0  45  b5  81  a0  00  00
  81887   97817.781   0326   8   81  a0  45  b5  81  a0  00  00
  82069   97917.758   0326   8   81  a0  45  b6  81  a0  00  00
  82250   98017.836   0326   8   81  a0  45  b5  81  a0  00  00
  82435   98117.727   0326   8   81  a0  45  b5  81  a0  00  00
  82617   98217.695   0326   8   81  a0  45  b6  81  a0  00  00
  82797   98317.688   0326   8   81  a0  45  b5  81  a0  00  00
  83000   98417.688   0326   8   81  a0  45  b6  81  a0  00  00
  83185   98519.633   0326   8   81  a0  45  b6  81  a0  00  00
  83368   98617.625   0326   8   81  a0  45  b6  81  a0  00  00
  83557   98718.602   0326   8   81  a0  45  b6  81  a0  00  00
  83740   98817.578   0326   8   81  a0  45  b6  81  a0  00  00
  83923   98917.555   0326   8   81  a0  45  b6  81  a0  00  00
  84108   99017.531   0326   8   81  a0  45  b6  81  a0  00  00
  84289   99117.516   0326   8   81  a0  45  b6  81  a0  00  00
  84471   99217.500   0326   8   81  a0  45  b6  81  a0  00  00
  84655   99317.469   0326   8   81  a0  45  b6  81  a0  00  00
  84856   99417.453   0326   8   81  a0  45  b6  81  a0  00  00
  85043   99519.406   0326   8   81  a0  45  b6  81  a0  00  00
  85230   99617.398   0326   8   81  a0  45  b6  81  a0  00  00
  85416   99718.352   0326   8   81  a0  45  b6  81  a0  00  00
  85602   99817.359   0326   8   81  a0  45  b6  81  a0  00  00
  85788   99917.344   0326   8   81  a0  45  b6  81  a0  00  00
  85969   100017.313   0326   8   81  a0  45  b6  81  a0  00  00
  86150   100117.297   0326   8   81  a0  45  b6  81  a0  00  00
  86335   100217.273   0326   8   81  a0  45  b6  81  a0  00  00
  86516   100317.242   0326   8   81  a0  45  b6  81  a0  00  00
  86716   100417.234   0326   8   81  a0  45  b6  81  a0  00  00
  86907   100519.180   0326   8   81  a0  45  b6  81  a0  00  00
  87091   100617.180   0326   8   81  a0  45  b6  81  a0  00  00
  87276   100718.141   0326   8   81  a0  45  b7  81  a0  00  00
  87465   100817.148   0326   8   81  a0  45  b7  81  a0  00  00
  87647   100917.125   0326   8   81  a0  45  b7  81  a0  00  00
  87829   101017.102   0326   8   81  a0  45  b7  81  a0  00  00
  88014   101117.086   0326   8   81  a0  45  b7  81  a0  00  00
  88195   101217.070   0326   8   81  a0  45  b7  81  a0  00  00
  88375   101317.063   0326   8   81  a0  45  b8  81  a0  00  00
  88578   101417.039   0326   8   81  a0  45  b8  81  a0  00  00
  88763   101519.000   0326   8   81  a0  45  b8  81  a0  00  00
  88947   101616.992   0326   8   81  a0  45  b8  81  a0  00  00
  89135   101717.953   0326   8   81  a0  45  b8  81  a0  00  00
  89319   101816.961   0326   8   81  a0  45  b8  81  a0  00  00
  89502   101916.930   0326   8   81  a0  45  b8  81  a0  00  00
  89687   102016.914   0326   8   81  a0  45  b8  81  a0  00  00
  89868   102116.891   0326   8   81  a0  45  b8  81  a0  00  00
  90049   102216.875   0326   8   81  a0  45  b8  81  a0  00  00
  90232   102316.813   0326   8   81  a0  45  b8  81  a0  00  00
  90431   102416.805   0326   8   81  a0  45  b8  81  a0  00  00
  90619   102518.742   0326   8   81  a0  45  b9  81  a0  00  00
  90810   102616.734   0326   8   81  a0  45  b9  81  a0  00  00
  90996   102717.695   0326   8   81  a0  45  b9  81  a0  00  00
  91181   102816.703   0326   8   81  a0  45  b9  81  a0  00  00
  91367   102916.672   0326   8   81  a0  45  b9  81  a0  00  00
  91548   103016.648   0326   8   81  a0  45  b9  81  a0  00  00
  91731   103116.641   0326   8   81  a0  45  b9  81  a0  00  00
  91916   103216.617   0326   8   81  a0  45  b9  81  a0  00  00
  92095   103316.594   0326   8   81  a0  45  b9  81  a0  00  00
  92295   103417.547   0326   8   81  a0  45  ba  81  a0  00  00
  92484   103519.367   0326   8   81  a0  45  ba  81  a0  00  00
  92667   103617.219   0326   8   81  a0  45  ba  81  a0  00  00
  92852   103718.039   0326   8   81  a0  45  ba  81  a0  00  00
  93040   103816.898   0326   8   81  a0  45  ba  81  a0  00  00
  93222   103916.672   0326   8   81  a0  45  ba  81  a0  00  00
  93404   104016.578   0326   8   81  a0  45  ba  81  a0  00  00
  93589   104116.422   0326   8   81  a0  45  ba  81  a0  00  00
  93770   104217.273   0326   8   81  a0  45  ba  81  a0  00  00
  93949   104316.422   0326   8   81  a0  45  ba  81  a0  00  00
  94152   104416.406   0326   8   81  a0  45  ba  81  a0  00  00
  94337   104518.359   0326   8   81  a0  45  ba  81  a0  00  00
  94521   104616.359   0326   8   81  a0  45  ba  81  a0  00  00
  94709   104717.344   0326   8   81  a0  45  ba  81  a0  00  00
  94893   104816.328   0326   8   81  a0  45  ba  81  a0  00  00
  95076   104916.289   0326   8   81  a0  45  ba  81  a0  00  00
  95261   105016.266   0326   8   81  a0  45  ba  81  a0  00  00
  95442   105116.250   0326   8   81  a0  45  ba  81  a0  00  00
  95624   105216.570   0326   8   81  a0  45  ba  81  a0  00  00
  95807   105316.180   0326   8   81  a0  45  ba  81  a0  00  00
  96011   105417.703   0326   8   01  90  01  ba  81  90  00  00
  96187   105518.133   0326   8   01  90  01  ba  81  90  00  00
  96359   105616.141   0326   8   01  90  01  ba  81  90  00  00
  96527   105717.102   0326   8   01  90  01  ba  81  90  00  00
  96694   105816.102   0326   8   01  90  01  ba  81  90  00  00
  96863   105916.070   0326   8   01  90  01  ba  81  90  00  00
  96993   105995.023   0326   8   09  90  01  ba  81  90  00  00
  97031   106016.047   0326   8   01  90  01  ba  81  90  00  00
  97197   106116.031   0326   8   01  90  01  ba  81  90  00  00
  97367   106216.008   0326   8   01  90  01  ba  81  90  00  00
  97530   106315.961   0326   8   01  90  01  ba  81  90  00  00
  97715   106415.938   0326   8   01  90  01  ba  81  90  00  00
  97886   106517.891   0326   8   01  90  01  ba  81  90  00  00
  98054   106615.898   0326   8   01  90  01  ba  81  90  00  00
  98222   106716.844   0326   8   01  90  01  ba  81  90  00  00
  98391   106815.844   0326   8   01  90  01  bb  81  90  00  00
  98557   106915.820   0326   8   01  90  01  bb  81  90  00  00
  98725   107015.805   0326   8   01  90  01  bc  81  90  00  00
  98893   107115.781   0326   8   01  90  01  bc  81  90  00  00
  99060   107215.758   0326   8   01  90  01  bc  81  90  00  00
  99224   107315.750   0326   8   01  90  01  bc  81  90  00  00
  99407   107415.734   0326   8   01  90  01  bd  81  90  00  00
  99567   107517.703   0326   8   01  90  01  be  81  90  00  00
  99728   107615.703   0326   8   01  90  01  be  81  90  00  00
  99890   107716.656   0326   8   01  90  01  be  81  90  00  00
