    32        6.919   01f4   6   00  00  00  00  00  00
   177       56.924   01f4   6   00  00  00  00  00  00
   312      107.142   01f4   6   00  00  00  00  00  00
   450      155.653   01f4   6   00  00  00  00  00  00
   595      207.108   01f4   6   00  00  00  00  00  00
   741      257.155   01f4   6   00  00  00  00  00  00
   883      307.331   01f4   6   00  00  00  00  00  00
  1030      357.293   01f4   6   00  00  00  00  00  00
  1179      407.596   01f4   6   00  00  00  00  00  00
  1327      456.918   01f4   6   00  00  00  00  00  00
  1467      507.093   01f4   6   00  00  00  00  00  00
  1610      557.140   01f4   6   00  00  00  00  00  00
  1749      606.974   01f4   6   00  00  00  00  00  00
  1890      656.893   01f4   6   00  00  00  00  00  00
  2034      707.154   01f4   6   00  00  00  00  00  00
  2172      756.902   01f4   6   00  00  00  00  00  00
  2312      807.078   01f4   6   00  00  00  00  00  00
  2450      857.125   01f4   6   00  00  00  00  00  00
  2591      907.172   01f4   6   00  00  00  00  00  00
  2740      957.091   01f4   6   00  00  00  00  00  00
  2882     1007.138   01f4   6   00  00  00  00  00  00
  3019     1055.308   01f4   6   00  00  00  00  00  00
  3159     1107.148   01f4   6   00  00  00  00  00  00
  3290     1155.360   01f4   6   00  00  00  00  00  00
  3439     1207.157   01f4   6   00  00  00  00  00  00
  3578     1256.308   01f4   6   00  00  00  00  00  00
  3721     1307.208   01f4   6   00  00  00  00  00  00
  3924     1382.215   01f4   6   00  00  00  00  00  00
  4069     1430.812   01f4   6   00  00  00  00  00  00
  4279     1507.013   01f4   6   00  00  00  00  00  00
  4428     1556.975   01f4   6   00  00  00  00  00  00
  4564     1607.406   01f4   6   00  00  00  00  00  00
  4709     1656.728   01f4   6   00  00  00  00  00  00
  4849     1707.074   01f4   6   00  00  00  00  00  00
  4991     1757.121   01f4   6   00  00  00  00  00  00
  5124     1806.913   01f4   6   00  00  00  00  00  00
  5267     1857.130   01f4   6   00  00  00  00  00  00
  5401     1907.220   01f4   6   00  00  00  00  00  00
  5549     1956.372   01f4   6   00  00  00  00  00  00
  5682     2007.144   01f4   6   00  00  00  00  00  00
  5821     2055.357   01f4   6   00  00  00  00  00  00
  5953     2107.025   01f4   6   00  00  00  00  00  00
  6096     2155.323   01f4   6   00  00  00  00  00  00
  6241     2207.418   01f4   6   00  00  00  00  00  00
  6386     2255.674   01f4   6   00  00  00  00  00  00
  6527     2307.299   01f4   6   00  00  00  00  00  00
  6673     2356.536   01f4   6   00  00  00  00  00  00
  6816     2407.095   01f4   6   00  00  00  00  00  00
  6969     2457.142   01f4   6   00  00  00  00  00  00
  7101     2507.360   01f4   6   00  00  00  00  00  00
  7247     2556.768   01f4   6   00  00  00  00  00  00
  7378     2607.284   01f4   6   00  00  00  00  00  00
  7518     2655.838   01f4   6   00  00  00  00  00  00
  7657     2707.123   01f4   6   00  00  00  00  00  00
  7802     2756.956   01f4   6   00  00  00  00  00  00
  7935     2807.345   01f4   6   00  00  00  00  00  00
  8075     2855.856   01f4   6   00  00  00  00  00  00
  8208     2907.311   01f4   6   00  00  00  00  00  00
  8356     2956.761   01f4   6   00  00  00  00  00  00
  8490     3007.150   01f4   6   00  00  00  00  00  00
  8636     3056.472   01f4   6   00  00  00  00  00  00
  8768     3107.372   01f4   6   00  00  00  00  00  00
  8904     3155.542   01f4   6   00  00  00  00  00  00
  9048     3207.296   01f4   6   00  00  00  00  00  00
  9190     3255.765   01f4   6   00  00  00  00  00  00
  9325     3307.134   01f4   6   00  00  00  00  00  00
  9469     3356.712   01f4   6   00  00  00  00  00  00
  9609     3407.229   01f4   6   00  00  00  00  00  00
  9754     3455.655   01f4   6   00  00  00  00  00  00
  9889     3507.153   01f4   6   00  00  00  00  00  00
 10032     3556.560   01f4   6   00  00  00  00  00  00
 10163     3607.119   01f4   6   00  00  00  00  00  00
 10307     3656.953   01f4   6   00  00  00  00  00  00
 10445     3707.342   01f4   6   00  00  00  00  00  00
 10587     3755.895   01f4   6   00  00  00  00  00  00
 10721     3807.308   01f4   6   00  00  00  00  00  00
 10925     3882.230   01f4   6   00  00  00  00  00  00
 11064     3932.362   01f4   6   00  00  00  00  00  00
 11265     4007.369   01f4   6   00  00  00  00  00  00
 11412     4056.349   01f4   6   00  00  00  00  00  00
 11545     4107.293   01f4   6   00  00  00  00  00  00
 11690     4157.425   01f4   6   00  00  00  00  00  00
 11834     4207.302   01f4   6   00  00  00  00  00  00
 11986     4257.349   01f4   6   00  00  00  00  00  00
 12186     4332.484   01f4   6   00  00  00  00  00  00
 12321     4382.403   01f4   6   00  00  00  00  00  00
 12466     4432.365   01f4   6   00  00  00  00  00  00
 12674     4507.286   01f4   6   00  00  00  00  00  00
 12825     4557.206   01f4   6   00  00  00  00  00  00
 12960     4607.594   01f4   6   00  00  00  00  00  00
 13104     4657.001   01f4   6   00  00  00  00  00  00
 13305     4732.563   01f4   6   00  00  00  00  00  00
 13438     4782.269   01f4   6   00  00  00  00  00  00
 13575     4832.615   01f4   6   00  00  00  00  00  00
 13716     4882.278   01f4   6   00  00  00  00  00  00
 13857     4932.624   01f4   6   00  00  00  00  00  00
 14055     5007.204   01f4   6   00  00  00  00  00  00
 14267     5082.253   01f4   6   00  00  00  00  00  00
 14404     5133.154   01f4   6   00  00  00  00  00  00
 14549     5182.433   01f4   6   00  00  00  00  00  00
 14693     5232.608   01f4   6   00  00  00  00  00  00
 14840     5282.357   01f4   6   00  00  00  00  00  00
 14972     5332.746   01f4   6   00  00  00  00  00  00
 15104     5382.281   01f4   6   00  00  00  00  00  00
 15244     5432.541   01f4   6   00  00  00  00  00  00
 15390     5482.461   01f4   6   00  00  00  00  00  00
 15529     5532.806   01f4   6   00  00  00  00  00  00
 15679     5582.512   01f4   6   00  00  00  00  00  00
 15817     5633.071   01f4   6   00  00  00  00  00  00
 16017     5707.054   01f4   6   00  00  00  00  00  00
 16219     5782.317   01f4   6   00  00  00  00  00  00
 16360     5832.748   01f4   6   00  00  00  00  00  00
 16502     5882.497   01f4   6   00  00  00  00  00  00
 16643     5932.757   01f4   6   00  00  00  00  00  00
 16840     6007.082   01f4   6   00  00  00  00  00  00
 17051     6082.302   01f4   6   00  00  00  00  00  00
 17178     6132.605   01f4   6   00  00  00  00  00  00
 17316     6182.183   01f4   6   00  00  00  00  00  00
 17459     6232.657   01f4   6   00  00  00  00  00  00
 17605     6282.320   01f4   6   00  00  00  00  00  00
 17741     6332.965   01f4   6   00  00  00  00  00  00
 17882     6382.286   01f4   6   00  00  00  00  00  00
 18021     6432.590   01f4   6   00  00  00  00  00  00
 18169     6482.466   01f4   6   00  00  00  00  00  00
 18306     6532.769   01f4   6   00  00  00  00  00  00
 18510     6607.051   01f4   6   00  00  00  00  00  00
 18717     6682.314   01f4   6   00  00  00  00  00  00
 18847     6732.788   01f4   6   00  00  00  00  00  00
 18989     6782.579   01f4   6   00  00  00  00  00  00
 19130     6832.754   01f4   6   00  00  00  00  00  00
 19272     6882.545   01f4   6   00  00  00  00  00  00
 19413     6932.593   01f4   6   00  00  00  00  00  00
 19546     6982.298   01f4   6   00  00  00  00  00  00
 19674     7032.815   01f4   6   00  00  00  00  00  00
 19825     7082.521   01f4   6   00  00  00  00  00  00
 19965     7133.251   01f4   6   00  00  00  00  00  00
 20101     7182.274   01f4   6   00  00  00  00  00  00
 20234     7232.662   01f4   6   00  00  00  00  00  00
 20371     7282.283   01f4   6   00  00  00  00  00  00
 20514     7332.970   01f4   6   00  00  00  00  00  00
 20656     7382.505   01f4   6   00  00  00  00  00  00
 20806     7432.937   01f4   6   00  00  00  00  00  00
 20941     7482.301   01f4   6   00  00  00  00  00  00
 21069     7532.647   01f4   6   00  00  00  00  00  00
 21209     7582.310   01f4   6   00  00  00  00  00  00
 21346     7632.870   01f4   6   00  00  00  00  00  00
 21493     7682.533   01f4   6   00  00  00  00  00  00
 21633     7732.921   01f4   6   00  00  00  00  00  00
 21763     7782.286   01f4   6   00  00  00  00  00  00
 21905     7832.717   01f4   6   00  00  00  00  00  00
 22101     7907.255   01f4   6   00  00  00  00  00  00
 22251     7956.918   01f4   6   00  00  00  00  00  00
 22385     8007.178   01f4   6   00  00  00  00  00  00
 22539     8057.098   01f4   6   00  00  00  00  00  00
 22672     8107.102   01f4   6   00  00  00  00  00  00
 22819     8157.021   01f4   6   00  00  00  00  00  00
 23023     8232.711   01f4   6   00  00  00  00  00  00
 23154     8280.966   01f4   6   00  00  00  00  00  00
 23307     8333.232   01f4   6   00  00  00  00  00  00
 23447     8382.597   01f4   6   00  00  00  00  00  00
 23599     8433.369   01f4   6   00  00  00  00  00  00
 23745     8482.563   01f4   6   00  00  00  00  00  00
 23871     8532.781   01f4   6   00  00  00  00  00  00
 24012     8582.316   01f4   6   00  00  00  00  00  00
 24139     8632.747   01f4   6   00  00  00  00  00  00
 24275     8682.325   01f4   6   00  00  00  00  00  00
 24415     8732.884   01f4   6   00  00  00  00  00  00
 24556     8782.590   01f4   6   00  00  00  00  00  00
 24697     8832.851   01f4   6   00  00  00  00  00  00
 24840     8882.642   01f4   6   00  00  00  00  00  00
 24982     8933.244   01f4   6   00  00  00  00  00  00
 25123     8982.352   01f4   6   00  00  00  00  00  00
 25252     9032.869   01f4   6   00  00  00  00  00  00
 25392     9082.319   01f4   6   00  00  00  00  00  00
 25519     9132.835   01f4   6   00  00  00  00  00  00
 25657     9182.627   01f4   6   00  00  00  00  00  00
 25801     9233.186   01f4   6   00  00  00  00  00  00
 25946     9282.593   01f4   6   00  00  00  00  00  00
 26093     9333.451   01f4   6   00  00  00  00  00  00
 26236     9382.645   01f4   6   00  00  00  00  00  00
 26386     9433.289   01f4   6   00  00  00  00  00  00
 26523     9482.611   01f4   6   00  00  00  00  00  00
 26662     9532.829   01f4   6   00  00  00  00  00  00
 26802     9582.364   01f4   6   00  00  00  00  00  00
 26930     9632.753   01f4   6   00  00  00  00  00  00
 27066     9682.288   01f4   6   00  00  00  00  00  00
 27205     9732.719   01f4   6   00  00  00  00  00  00
 27338     9782.297   01f4   6   00  00  00  00  00  00
 27481     9833.369   01f4   6   00  00  00  00  00  00
 27621     9882.605   01f4   6   00  00  00  00  00  00
 27765     9933.378   01f4   6   00  00  00  00  00  00
 27907     9982.572   01f4   6   00  00  00  00  00  00
 28049    10033.344   01f4   6   00  00  00  00  00  00
 28198    10082.623   01f4   6   00  00  00  00  00  00
 28339    10133.609   01f4   6   00  00  00  00  00  00
 28491    10182.803   01f4   6   00  00  00  00  00  00
 28633    10233.106   01f4   6   00  00  00  00  00  00
 28769    10282.428   01f4   6   00  00  00  00  00  00
 28915    10333.457   01f4   6   00  00  00  00  00  00
 29056    10382.395   01f4   6   00  00  00  00  00  00
 29205    10432.826   01f4   6   00  00  00  00  00  00
 29343    10482.446   01f4   6   00  00  02  00  00  00
 29481    10532.835   01f4   6   00  00  02  00  00  00
 29631    10582.413   01f4   6   00  00  02  00  00  00
 29769    10632.844   01f4   6   00  00  02  00  00  00
 29910    10682.337   01f4   6   00  00  02  00  00  00
 30041    10732.853   01f4   6   00  00  02  00  00  00
 30176    10782.431   01f4   6   00  00  02  00  00  00
 30310    10832.905   01f4   6   00  00  02  00  00  00
 30451    10882.611   01f4   6   00  00  02  00  00  00
 30594    10933.341   01f4   6   00  00  02  00  00  00
 30736    10982.620   01f4   6   00  00  02  00  00  00
 30875    11033.392   01f4   6   00  00  02  00  00  00
 31023    11082.586   01f4   6   00  00  02  00  00  00
 31162    11133.146   01f4   6   00  00  02  00  00  00
 31309    11182.809   01f4   6   00  00  02  00  00  00
 31452    11233.155   01f4   6   00  00  02  00  00  00
 31597    11282.690   01f4   6   00  00  02  00  00  00
 31746    11333.377   01f4   6   00  00  02  00  00  00
 31888    11382.614   01f4   6   00  00  02  00  00  00
 32042    11433.130   01f4   6   00  00  02  00  00  00
 32193    11482.879   01f4   6   00  00  02  00  00  00
 32335    11533.438   01f4   6   00  00  02  00  00  00
 32538    11607.250   01f4   6   00  00  02  00  00  00
 32747    11682.428   01f4   6   00  00  02  00  00  00
 32887    11732.816   01f4   6   00  00  02  00  00  00
 33017    11782.437   01f4   6   00  00  02  00  00  00
 33148    11832.911   01f4   6   00  00  02  00  00  00
 33280    11882.446   01f4   6   00  00  02  00  00  00
 33412    11933.090   01f4   6   00  00  02  00  00  00
 33548    11982.583   01f4   6   00  00  02  00  00  00
 33682    12033.142   01f4   6   00  00  02  00  00  00
 33834    12082.848   01f4   6   00  00  02  00  00  00
 33975    12133.194   01f4   6   00  00  02  00  00  00
 34128    12182.644   01f4   6   00  00  02  00  00  00
 34271    12233.160   01f4   6   00  00  02  00  00  00
 34417    12282.610   01f4   6   00  00  02  00  00  00
 34565    12333.468   01f4   6   00  00  02  00  00  00
 34706    12382.833   01f4   6   00  00  02  00  00  00
 34855    12433.136   01f4   6   00  00  02  00  00  00
 35003    12482.842   01f4   6   00  00  02  00  00  00
 35141    12533.401   01f4   6   00  00  02  00  00  00
 35290    12582.851   01f4   6   00  00  02  00  00  00
 35430    12633.367   01f4   6   00  00  02  00  00  00
 35580    12682.860   01f4   6   00  00  02  00  00  00
 35722    12733.334   01f4   6   00  00  02  00  00  00
 35863    12782.826   01f4   6   00  00  02  00  00  00
 36005    12833.343   01f4   6   00  00  02  00  00  00
 36146    12882.750   01f4   6   00  00  02  00  00  00
 36289    12933.395   01f4   6   00  00  02  00  00  00
 36420    12982.503   01f4   6   00  00  02  00  00  00
 36559    13033.404   01f4   6   00  00  02  00  00  00
 36711    13083.195   01f4   6   00  00  02  00  00  00
 36847    13133.370   01f4   6   00  00  02  00  00  00
 36991    13182.778   01f4   6   00  00  02  00  00  00
 37127    13233.166   01f4   6   00  00  02  00  00  00
 37266    13282.573   01f4   6   00  00  02  00  00  00
 37413    13333.517   01f4   6   00  00  02  00  00  00
 37545    13382.582   01f4   6   00  00  02  00  00  00
 37696    13432.886   01f4   6   00  00  02  00  00  00
 37832    13482.549   01f4   6   00  00  02  00  00  00
 37970    13532.895   01f4   6   00  00  02  00  00  00
 38110    13582.515   01f4   6   00  00  02  00  00  00
 38240    13633.373   01f4   6   00  00  02  00  00  00
 38375    13682.524   01f4   6   00  00  02  00  00  00
 38516    13733.382   01f4   6   00  00  02  00  00  00
 38646    13782.576   01f4   6   00  00  02  00  00  00
 38791    13833.519   01f4   6   00  00  02  00  00  00
 38922    13882.841   01f4   6   00  00  02  00  00  00
 39068    13933.614   01f4   6   00  00  02  00  00  00
 39215    13983.234   01f4   6   00  00  02  00  00  00
 39353    14033.495   01f4   6   00  00  02  00  00  00
 39504    14083.243   01f4   6   00  00  02  00  00  00
 39641    14133.589   01f4   6   00  00  02  00  00  00
 39788    14182.826   01f4   6   00  00  02  00  00  00
 39933    14233.812   01f4   6   00  00  00  00  00  00
 40077    14282.622   01f4   6   00  00  00  00  00  00
 40224    14333.522   01f4   6   00  00  00  00  00  00
 40366    14383.228   01f4   6   00  00  00  00  00  00
 40516    14433.617   01f4   6   00  00  00  00  00  00
 40662    14482.811   01f4   6   00  00  00  00  00  00
 40803    14533.498   01f4   6   00  00  00  00  00  00
 40956    14582.862   01f4   6   00  00  00  00  00  00
 41096    14633.464   01f4   6   00  00  00  00  00  00
 41241    14682.829   01f4   6   00  00  00  00  00  00
 41383    14733.516   01f4   6   00  00  00  00  00  00
 41523    14782.838   01f4   6   00  00  00  00  00  00
 41665    14833.482   01f4   6   00  00  00  00  00  00
 41808    14883.274   01f4   6   00  00  00  00  00  00
 41949    14933.619   01f4   6   00  00  00  00  00  00
 42090    14982.856   01f4   6   00  00  00  00  00  00
 42229    15033.543   01f4   6   00  00  00  00  00  00
 42381    15083.249   01f4   6   00  00  00  00  00  00
 42517    15133.382   01f4   6   00  00  00  00  00  00
 42653    15182.490   01f4   6   00  00  00  00  00  00
 42789    15233.220   01f4   6   00  00  00  00  00  00
 42935    15282.627   01f4   6   00  00  00  00  00  00
 43081    15333.485   01f4   6   00  00  00  00  00  00
 43220    15382.594   01f4   6   00  00  00  00  00  00
 43374    15433.836   01f4   6   00  00  00  00  00  00
 43571    15507.221   01f4   6   00  00  00  00  00  00
 43725    15557.140   01f4   6   00  00  00  00  00  00
 43858    15607.102   01f4   6   00  00  00  00  00  00
 44005    15657.064   01f4   6   00  00  00  00  00  00
 44144    15707.282   01f4   6   00  00  00  00  00  00
 44289    15756.903   01f4   6   00  00  00  00  00  00
 44427    15807.206   01f4   6   00  00  00  00  00  00
 44573    15857.381   01f4   6   00  00  00  00  00  00
 44707    15907.087   01f4   6   00  00  00  00  00  00
 44858    15957.092   01f4   6   00  00  00  00  00  00
 44991    16007.309   01f4   6   00  00  00  00  00  00
 45202    16082.615   01f4   6   00  00  00  00  00  00
 45330    16133.174   01f4   6   00  00  00  00  00  00
 45478    16182.581   01f4   6   00  00  00  00  00  00
 45612    16233.183   01f4   6   00  00  00  00  00  00
 45756    16282.420   01f4   6   00  00  00  00  00  00
 45902    16333.278   01f4   6   00  00  00  00  00  00
 46045    16383.026   01f4   6   00  00  00  00  00  00
 46196    16433.842   01f4   6   00  00  00  00  00  00
 46331    16483.078   01f4   6   00  00  00  00  00  00
 46468    16533.424   01f4   6   00  00  00  00  00  00
 46620    16583.301   01f4   6   00  00  00  00  00  00
 46755    16633.434   01f4   6   00  00  00  00  00  00
 46904    16683.309   01f4   6   00  00  00  00  00  00
 47042    16733.613   01f4   6   00  00  00  00  00  00
 47184    16783.275   01f4   6   00  00  00  00  00  00
 47325    16833.664   01f4   6   00  00  00  00  00  00
 47466    16882.857   01f4   6   00  00  00  00  00  00
 47597    16933.162   01f4   6   00  00  00  00  00  00
 47731    16982.611   01f4   6   00  00  00  00  00  00
 47869    17033.172   01f4   6   00  00  00  00  00  00
 48019    17082.834   01f4   6   00  00  00  00  00  00
 48155    17133.223   01f4   6   00  00  00  00  00  00
 48303    17182.887   01f4   6   00  00  00  00  00  00
 48449    17234.000   01f4   6   00  00  00  00  00  00
 48584    17280.592   01f4   6   00  00  00  00  00  00
 48731    17333.453   01f4   6   00  00  00  00  00  00
 48873    17383.031   01f4   6   00  00  00  00  00  00
 49025    17433.848   01f4   6   00  00  00  00  00  00
 49169    17483.041   01f4   6   00  00  00  00  00  00
 49306    17533.686   01f4   6   00  00  00  00  00  00
 49458    17583.051   01f4   6   00  00  00  00  00  00
 49595    17633.354   01f4   6   00  00  00  00  00  00
 49730    17682.846   01f4   6   00  00  00  00  00  00
 49861    17733.361   01f4   6   00  00  00  00  00  00
 50001    17782.855   01f4   6   00  00  00  00  00  00
 50143    17833.842   01f4   6   00  00  00  00  00  00
 50286    17883.291   01f4   6   00  00  00  00  00  00
 50427    17933.807   01f4   6   00  00  00  00  00  00
 50560    17983.301   01f4   6   00  00  00  00  00  00
 50697    18033.730   01f4   6   00  00  00  00  00  00
 50848    18083.266   01f4   6   00  00  00  00  00  00
 50984    18133.824   01f4   6   00  00  00  00  00  00
 51135    18183.402   01f4   6   00  00  00  00  00  00
 51279    18233.920   01f4   6   00  00  00  00  00  00
 51426    18283.242   01f4   6   00  00  00  00  00  00
 51569    18333.674   01f4   6   00  00  00  00  00  00
 51712    18383.207   01f4   6   00  00  00  00  00  00
 51860    18433.426   01f4   6   00  00  02  00  00  00
 51997    18482.877   01f4   6   00  00  02  00  00  00
 52135    18533.479   01f4   6   00  00  02  00  00  00
 52284    18582.842   01f4   6   00  00  02  00  00  00
 52413    18633.402   01f4   6   00  00  02  00  00  00
 52558    18682.852   01f4   6   00  00  02  00  00  00
 52698    18733.795   01f4   6   00  00  02  00  00  00
 52841    18783.117   01f4   6   00  00  02  00  00  00
 52982    18833.762   01f4   6   00  00  02  00  00  00
 53125    18883.297   01f4   6   00  00  02  00  00  00
 53267    18933.729   01f4   6   00  00  02  00  00  00
 53411    18983.221   01f4   6   00  00  02  00  00  00
 53547    19033.779   01f4   6   00  00  02  00  00  00
 53699    19083.314   01f4   6   00  00  02  00  00  00
 53835    19133.873   01f4   6   00  00  02  00  00  00
 53983    19183.238   01f4   6   00  00  02  00  00  00
 54127    19234.012   01f4   6   00  00  02  00  00  00
 54274    19283.289   01f4   6   00  00  02  00  00  00
 54416    19333.721   01f4   6   00  00  02  00  00  00
 54559    19383.299   01f4   6   00  00  02  00  00  00
 54709    19433.816   01f4   6   00  00  02  00  00  00
 54854    19483.266   01f4   6   00  00  02  00  00  00
 54991    19533.824   01f4   6   00  00  02  00  00  00
 55142    19583.359   01f4   6   00  00  02  00  00  00
 55278    19633.834   01f4   6   00  00  02  00  00  00
 55426    19683.326   01f4   6   00  00  02  00  00  00
 55564    19733.801   01f4   6   00  00  02  00  00  00
 55706    19783.250   01f4   6   00  00  02  00  00  00
 55847    19833.895   01f4   6   00  00  02  00  00  00
 55989    19883.303   01f4   6   00  00  02  00  00  00
 56130    19933.775   01f4   6   00  00  02  00  00  00
 56274    19983.098   01f4   6   00  00  02  00  00  00
 56411    20033.785   01f4   6   00  00  02  00  00  00
 56563    20083.320   01f4   6   00  00  02  00  00  00
 56700    20133.965   01f4   6   00  00  02  00  00  00
 56850    20183.414   01f4   6   00  00  02  00  00  00
 56994    20234.059   01f4   6   00  00  02  00  00  00
 57141    20283.340   01f4   6   00  00  02  00  00  00
 57283    20333.557   01f4   6   00  00  02  00  00  00
 57413    20382.836   01f4   6   00  00  02  00  00  00
 57555    20433.523   01f4   6   00  00  02  00  00  00
 57690    20482.590   01f4   6   00  00  02  00  00  00
 57830    20533.488   01f4   6   00  00  02  00  00  00
 57969    20582.598   01f4   6   00  00  02  00  00  00
 58107    20633.369   01f4   6   00  00  02  00  00  00
 58253    20682.820   01f4   6   00  00  02  00  00  00
 58393    20733.381   01f4   6   00  00  02  00  00  00
 58538    20783.213   01f4   6   00  00  02  00  00  00
 58677    20833.389   01f4   6   00  00  02  00  00  00
 58811    20882.840   01f4   6   00  00  02  00  00  00
 58953    20933.482   01f4   6   00  00  02  00  00  00
 59086    20982.848   01f4   6   00  00  02  00  00  00
 59224    21033.449   01f4   6   00  00  02  00  00  00
 59375    21082.857   01f4   6   00  00  02  00  00  00
 59502    21133.545   01f4   6   00  00  02  00  00  00
 59652    21183.078   01f4   6   00  00  02  00  00  00
 59785    21233.469   01f4   6   00  00  02  00  00  00
 59931    21282.832   01f4   6   00  00  02  00  00  00
 60074    21333.178   01f4   6   00  00  02  00  00  00
 60217    21383.055   01f4   6   00  00  02  00  00  00
 60365    21433.230   01f4   6   00  00  02  00  00  00
 60502    21482.850   01f4   6   00  00  02  00  00  00
 60638    21533.238   01f4   6   00  00  02  00  00  00
 60842    21607.223   01f4   6   00  00  02  00  00  00
 60989    21657.227   01f4   6   00  00  02  00  00  00
 61129    21707.402   01f4   6   00  00  02  00  00  00
 61276    21757.320   01f4   6   00  00  02  00  00  00
 61414    21807.367   01f4   6   00  00  02  00  00  00
 61560    21857.287   01f4   6   00  00  02  00  00  00
 61694    21907.207   01f4   6   00  00  02  00  00  00
 61846    21957.467   01f4   6   00  00  02  00  00  00
 61979    22007.430   01f4   6   00  00  02  00  00  00
 62134    22057.307   01f4   6   00  00  02  00  00  00
 62329    22133.848   01f4   6   00  00  02  00  00  00
 62471    22183.469   01f4   6   00  00  02  00  00  00
 62603    22233.814   01f4   6   00  00  02  00  00  00
 62751    22283.223   01f4   6   00  00  02  00  00  00
 62893    22333.824   01f4   6   00  00  02  00  00  00
 63037    22383.273   01f4   6   00  00  00  00  00  00
 63187    22433.877   01f4   6   00  00  00  00  00  00
 63334    22483.283   01f4   6   00  00  00  00  00  00
 63471    22533.928   01f4   6   00  00  00  00  00  00
 63623    22583.506   01f4   6   00  00  00  00  00  00
 63758    22633.895   01f4   6   00  00  00  00  00  00
 63907    22683.473   01f4   6   00  00  00  00  00  00
 64044    22733.818   01f4   6   00  00  00  00  00  00
 64187    22783.438   01f4   6   00  00  00  00  00  00
 64327    22833.783   01f4   6   00  00  00  00  00  00
 64470    22883.447   01f4   6   00  00  00  00  00  00
 64610    22933.836   01f4   6   00  00  00  00  00  00
 64755    22983.455   01f4   6   00  00  00  00  00  00
 64890    23033.889   01f4   6   00  00  00  00  00  00
 65042    23083.551   01f4   6   00  00  00  00  00  00
 65178    23133.896   01f4   6   00  00  00  00  00  00
 65327    23183.518   01f4   6   00  00  00  00  00  00
 65469    23233.906   01f4   6   00  00  00  00  00  00
 65608    23283.525   01f4   6   00  00  00  00  00  00
 65749    23333.871   01f4   6   00  00  00  00  00  00
 65891    23383.023   01f4   6   00  00  00  00  00  00
 66042    23433.711   01f4   6   00  00  00  00  00  00
 66239    23507.480   01f4   6   00  00  00  00  00  00
 66393    23557.102   01f4   6   00  00  00  00  00  00
 66517    23607.447   01f4   6   00  00  00  00  00  00
 66663    23657.322   01f4   6   00  00  00  00  00  00
 66792    23707.285   01f4   6   00  00  00  00  00  00
 66938    23757.246   01f4   6   00  00  00  00  00  00
 67075    23807.508   01f4   6   00  00  00  00  00  00
 67220    23857.129   01f4   6   00  00  00  00  00  00
 67355    23907.432   01f4   6   00  00  00  00  00  00
 67563    23983.035   01f4   6   00  00  00  00  00  00
 67700    24033.596   01f4   6   00  00  00  00  00  00
 67851    24083.002   01f4   6   00  00  00  00  00  00
 67977    24133.732   01f4   6   00  00  00  00  00  00
 68183    24207.459   01f4   6   00  00  00  00  00  00
 68336    24257.379   01f4   6   00  00  00  00  00  00
 68474    24307.297   01f4   6   00  00  00  00  00  00
 68622    24357.303   01f4   6   00  00  00  00  00  00
 68764    24407.520   01f4   6   00  00  00  00  00  00
 68918    24457.141   01f4   6   00  00  00  00  00  00
 69042    24507.443   01f4   6   00  00  00  00  00  00
 69196    24557.404   01f4   6   00  00  00  00  00  00
 69319    24607.281   01f4   6   00  00  00  00  00  00
 69466    24657.328   01f4   6   00  00  00  00  00  00
 69595    24707.504   01f4   6   00  00  00  00  00  00
 69740    24757.168   01f4   6   00  00  00  00  00  00
 69878    24807.471   01f4   6   00  00  00  00  00  00
 70023    24857.391   01f4   6   00  00  00  00  00  00
 70157    24907.309   01f4   6   00  00  00  00  00  00
 70308    24957.314   01f4   6   00  00  00  00  00  00
 70441    25007.531   01f4   6   00  00  00  00  00  00
 70595    25057.152   01f4   6   00  00  00  00  00  00
 70729    25107.455   01f4   6   00  00  00  00  00  00
 70875    25157.418   01f4   6   00  00  00  00  00  00
 71016    25207.508   01f4   6   00  00  00  00  00  00
 71169    25257.342   01f4   6   00  00  00  00  00  00
 71308    25307.516   01f4   6   00  00  00  00  00  00
 71455    25357.180   01f4   6   00  00  00  00  00  00
 71598    25407.482   01f4   6   00  00  00  00  00  00
 71751    25457.402   01f4   6   00  00  00  00  00  00
 71885    25507.576   01f4   6   00  00  00  00  00  00
 72040    25557.326   01f4   6   00  00  00  00  00  00
 72173    25607.543   01f4   6   00  00  00  00  00  00
 72319    25657.164   01f4   6   00  00  00  00  00  00
 72459    25707.467   01f4   6   00  00  00  00  00  00
 72605    25757.387   01f4   6   00  00  00  00  00  00
 72742    25807.348   01f4   6   00  00  00  00  00  00
 72888    25857.354   01f4   6   00  00  00  00  00  00
 73022    25907.527   01f4   6   00  00  00  00  00  00
 73174    25957.447   01f4   6   00  00  00  00  00  00
 73307    26007.494   01f4   6   00  00  00  00  00  00
 73461    26057.414   01f4   6   00  00  00  00  00  00
 73594    26107.332   01f4   6   00  00  00  00  00  00
 73741    26157.338   01f4   6   00  00  00  00  00  00
 73884    26207.514   01f4   6   00  00  00  00  00  00
 74036    26257.219   01f4   6   00  00  00  00  00  00
 74176    26307.479   01f4   6   00  00  00  00  00  00
 74323    26357.441   01f4   6   00  00  00  00  00  00
 74465    26407.318   01f4   6   00  00  00  00  00  00
 74620    26457.365   01f4   6   00  00  02  00  00  00
 74754    26507.797   01f4   6   00  00  02  00  00  00
 74909    26557.674   01f4   6   00  00  02  00  00  00
 75042    26607.721   01f4   6   00  00  02  00  00  00
 75188    26657.682   01f4   6   00  00  02  00  00  00
 75327    26707.602   01f4   6   00  00  02  00  00  00
 75473    26757.605   01f4   6   00  00  02  00  00  00
 75610    26807.822   01f4   6   00  00  02  00  00  00
 75755    26857.486   01f4   6   00  00  02  00  00  00
 75890    26907.746   01f4   6   00  00  02  00  00  00
 76039    26957.453   01f4   6   00  00  02  00  00  00
 76173    27007.586   01f4   6   00  00  02  00  00  00
 76328    27057.633   01f4   6   00  00  02  00  00  00
 76461    27107.809   01f4   6   00  00  02  00  00  00
 76608    27157.684   01f4   6   00  00  02  00  00  00
 76750    27207.773   01f4   6   00  00  02  00  00  00
 76903    27257.693   01f4   6   00  00  02  00  00  00
 77041    27307.613   01f4   6   00  00  02  00  00  00
 77189    27357.617   01f4   6   00  00  02  00  00  00
 77331    27407.836   01f4   6   00  00  02  00  00  00
 77486    27457.713   01f4   6   00  00  02  00  00  00
 77619    27507.760   01f4   6   00  00  02  00  00  00
 77773    27557.721   01f4   6   00  00  02  00  00  00
 77907    27607.598   01f4   6   00  00  02  00  00  00
 78054    27657.645   01f4   6   00  00  02  00  00  00
 78193    27707.863   01f4   6   00  00  02  00  00  00
 78339    27757.695   01f4   6   00  00  02  00  00  00
 78476    27807.785   01f4   6   00  00  02  00  00  00
 78621    27857.705   01f4   6   00  00  02  00  00  00
 78755    27907.625   01f4   6   00  00  02  00  00  00
 78906    27957.629   01f4   6   00  00  02  00  00  00
 79038    28007.592   01f4   6   00  00  02  00  00  00
 79194    28057.725   01f4   6   00  00  02  00  00  00
 79326    28107.559   01f4   6   00  00  02  00  00  00
 79473    28157.732   01f4   6   00  00  02  00  00  00
 79616    28207.779   01f4   6   00  00  02  00  00  00
 79769    28257.656   01f4   6   00  00  02  00  00  00
 79908    28307.875   01f4   6   00  00  02  00  00  00
 80055    28357.494   01f4   6   00  00  02  00  00  00
 80197    28407.543   01f4   6   00  00  02  00  00  00
 80351    28457.504   01f4   6   00  00  02  00  00  00
 80484    28507.424   01f4   6   00  00  02  00  00  00
 80639    28557.428   01f4   6   00  00  02  00  00  00
 80833    28633.844   01f4   6   00  00  02  00  00  00
 80982    28683.506   01f4   6   00  00  02  00  00  00
 81120    28733.852   01f4   6   00  00  02  00  00  00
 81263    28783.643   01f4   6   00  00  02  00  00  00
 81404    28833.904   01f4   6   00  00  02  00  00  00
 81547    28883.566   01f4   6   00  00  02  00  00  00
 81687    28933.869   01f4   6   00  00  02  00  00  00
 81832    28983.533   01f4   6   00  00  02  00  00  00
 81967    29033.922   01f4   6   00  00  02  00  00  00
 82120    29083.543   01f4   6   00  00  02  00  00  00
 82256    29133.975   01f4   6   00  00  02  00  00  00
 82406    29183.594   01f4   6   00  00  02  00  00  00
 82548    29233.982   01f4   6   00  00  02  00  00  00
 82697    29283.689   01f4   6   00  00  02  00  00  00
 82838    29334.119   01f4   6   00  00  02  00  00  00
 82981    29383.697   01f4   6   00  00  02  00  00  00
 83131    29433.957   01f4   6   00  00  02  00  00  00
 83278    29483.535   01f4   6   00  00  02  00  00  00
 83413    29533.883   01f4   6   00  00  02  00  00  00
 83566    29583.588   01f4   6   00  00  02  00  00  00
 83701    29633.977   01f4   6   00  00  02  00  00  00
 83849    29683.811   01f4   6   00  00  02  00  00  00
 83987    29734.070   01f4   6   00  00  02  00  00  00
 84130    29783.861   01f4   6   00  00  02  00  00  00
 84269    29834.080   01f4   6   00  00  02  00  00  00
 84413    29883.871   01f4   6   00  00  02  00  00  00
 84553    29934.090   01f4   6   00  00  02  00  00  00
 84697    29983.838   01f4   6   00  00  02  00  00  00
 84833    30034.057   01f4   6   00  00  02  00  00  00
 84985    30083.889   01f4   6   00  00  02  00  00  00
 85120    30134.234   01f4   6   00  00  02  00  00  00
 85272    30183.771   01f4   6   00  00  02  00  00  00
 85414    30234.031   01f4   6   00  00  02  00  00  00
 85562    30283.822   01f4   6   00  00  02  00  00  00
 85704    30334.082   01f4   6   00  00  00  00  00  00
 85847    30383.873   01f4   6   00  00  00  00  00  00
 85996    30434.008   01f4   6   00  00  00  00  00  00
 86144    30483.799   01f4   6   00  00  00  00  00  00
 86279    30534.059   01f4   6   00  00  00  00  00  00
 86432    30583.764   01f4   6   00  00  00  00  00  00
 86568    30633.982   01f4   6   00  00  00  00  00  00
 86716    30683.604   01f4   6   00  00  00  00  00  00
 86848    30733.863   01f4   6   00  00  00  00  00  00
 86992    30783.697   01f4   6   00  00  00  00  00  00
 87131    30833.957   01f4   6   00  00  00  00  00  00
 87274    30883.664   01f4   6   00  00  00  00  00  00
 87415    30933.967   01f4   6   00  00  00  00  00  00
 87559    30983.631   01f4   6   00  00  00  00  00  00
 87694    31034.189   01f4   6   00  00  00  00  00  00
 87847    31083.852   01f4   6   00  00  00  00  00  00
 87982    31134.283   01f4   6   00  00  00  00  00  00
 88131    31183.818   01f4   6   00  00  00  00  00  00
 88273    31234.164   01f4   6   00  00  00  00  00  00
 88423    31283.785   01f4   6   00  00  00  00  00  00
 88564    31334.217   01f4   6   00  00  00  00  00  00
 88708    31383.922   01f4   6   00  00  00  00  00  00
 88857    31434.184   01f4   6   00  00  00  00  00  00
 89003    31483.805   01f4   6   00  00  00  00  00  00
 89139    31534.107   01f4   6   00  00  00  00  00  00
 89292    31583.813   01f4   6   00  00  00  00  00  00
 89427    31634.244   01f4   6   00  00  00  00  00  00
 89576    31683.949   01f4   6   00  00  00  00  00  00
 89713    31734.297   01f4   6   00  00  00  00  00  00
 89856    31783.873   01f4   6   00  00  00  00  00  00
 89996    31833.963   01f4   6   00  00  00  00  00  00
 90139    31883.797   01f4   6   00  00  00  00  00  00
 90279    31934.016   01f4   6   00  00  00  00  00  00
 90424    31983.807   01f4   6   00  00  00  00  00  00
 90559    32034.408   01f4   6   00  00  00  00  00  00
 90711    32083.986   01f4   6   00  00  00  00  00  00
 90847    32134.504   01f4   6   00  00  00  00  00  00
 90999    32183.994   01f4   6   00  00  00  00  00  00
 91141    32234.299   01f4   6   00  00  00  00  00  00
 91290    32283.791   01f4   6   00  00  00  00  00  00
 91432    32334.393   01f4   6   00  00  00  00  00  00
 91576    32383.844   01f4   6   00  00  00  00  00  00
 91726    32434.061   01f4   6   00  00  00  00  00  00
 91873    32483.809   01f4   6   00  00  00  00  00  00
 92008    32534.027   01f4   6   00  00  00  00  00  00
 92161    32584.117   01f4   6   00  00  00  00  00  00
 92296    32634.420   01f4   6   00  00  00  00  00  00
 92444    32684.082   01f4   6   00  00  00  00  00  00
 92582    32734.301   01f4   6   00  00  00  00  00  00
 92725    32784.008   01f4   6   00  00  00  00  00  00
 92864    32834.270   01f4   6   00  00  00  00  00  00
 93008    32884.016   01f4   6   00  00  00  00  00  00
 93148    32934.277   01f4   6   00  00  00  00  00  00
 93292    32983.984   01f4   6   00  00  00  00  00  00
 93428    33034.285   01f4   6   00  00  00  00  00  00
 93580    33083.992   01f4   6   00  00  00  00  00  00
 93715    33134.379   01f4   6   00  00  00  00  00  00
 93865    33184.000   01f4   6   00  00  00  00  00  00
