     53      11.311   00c9   8   84  08  9c  0d  00  10  18  00
     86      23.602   00c9   8   84  08  8e  00  00  10  18  00
    132      35.837   00c9   8   84  08  8c  07  00  10  18  00
    157      48.034   00c9   8   84  08  93  0a  00  10  18  00
    212      60.930   00c9   8   84  08  94  0d  00  10  18  00
    240      73.598   00c9   8   84  08  98  00  00  10  18  00
    286      85.637   00c9   8   84  08  9c  07  00  10  18  00
    311      98.112   00c9   8   84  08  9e  0a  00  10  18  00
    362     111.113   00c9   8   84  08  9f  0d  00  10  18  00
    388     123.572   00c9   8   84  08  a3  00  00  10  18  00
    435     136.027   00c9   8   84  08  a6  07  00  10  18  00
    459     148.006   00c9   8   84  08  a5  0a  00  10  18  00
    511     160.937   00c9   8   84  08  a9  0d  00  10  18  00
    536     172.890   00c9   8   84  08  b5  00  00  10  18  00
    584     185.669   00c9   8   84  08  bd  07  00  10  18  00
    609     198.139   00c9   8   84  08  c6  0a  00  10  18  00
    659     210.716   00c9   8   84  08  d3  0d  00  10  18  00
    686     223.573   00c9   8   84  08  cf  00  00  10  18  00
    733     235.825   00c9   8   84  08  cb  07  00  10  18  00
    762     248.129   00c9   8   84  08  ce  0a  00  10  18  00
    815     260.963   00c9   8   84  08  ca  0d  00  10  18  00
    845     273.601   00c9   8   84  08  c8  00  00  10  18  00
    892     285.707   00c9   8   84  08  c8  07  00  10  18  00
    919     298.637   00c9   8   84  08  c8  0a  00  10  18  00
    973     310.850   00c9   8   84  08  ca  0d  00  10  18  00
   1001     323.837   00c9   8   84  08  ca  00  00  10  18  00
   1048     335.747   00c9   8   84  08  cf  07  00  10  18  00
   1078     348.404   00c9   8   84  08  d3  0a  00  10  18  00
   1129     360.981   00c9   8   84  08  d0  0d  00  10  18  00
   1157     373.613   00c9   8   84  08  d2  00  00  10  18  00
   1203     385.692   00c9   8   84  08  d0  07  00  10  18  00
   1230     398.137   00c9   8   84  08  ca  0a  00  10  18  00
   1281     410.766   00c9   8   84  08  c7  0d  00  10  18  00
   1307     423.588   00c9   8   84  08  cb  00  00  10  18  00
   1353     435.845   00c9   8   84  08  c5  07  00  10  18  00
   1378     448.012   00c9   8   84  08  c2  0a  00  10  18  00
   1430     460.939   00c9   8   84  08  c4  0d  00  10  18  00
   1458     473.613   00c9   8   84  08  c4  00  00  10  18  00
   1506     486.090   00c9   8   84  08  c3  07  00  10  18  00
   1531     498.160   00c9   8   84  08  c3  0a  00  10  18  00
   1591     511.146   00c9   8   84  08  c4  0d  00  10  18  00
   1618     523.579   00c9   8   84  08  c3  00  00  10  18  00
   1665     536.047   00c9   8   84  08  bf  07  00  10  18  00
   1689     548.019   00c9   8   84  08  ba  0a  00  10  18  00
   1745     560.964   00c9   8   84  08  b3  0d  00  10  18  00
   1769     572.885   00c9   8   84  08  ab  00  00  10  18  00
   1819     585.719   00c9   8   84  08  ab  07  00  10  18  00
   1843     598.126   00c9   8   84  08  a8  0a  00  10  18  00
   1894     610.735   00c9   8   84  08  97  0d  00  10  18  00
   1921     623.599   00c9   8   84  08  8b  00  00  10  18  00
   1967     635.874   00c9   8   84  08  8a  07  00  10  18  00
   1993     648.423   00c9   8   84  08  86  0a  00  10  18  00
   2043     660.957   00c9   8   84  08  8b  0d  00  10  18  00
   2071     673.873   00c9   8   84  08  96  00  00  10  18  00
   2116     685.688   00c9   8   84  08  a0  07  00  10  18  00
   2142     698.665   00c9   8   84  08  a4  0a  00  10  18  00
   2192     710.761   00c9   8   84  08  a6  0d  00  10  18  00
   2218     723.587   00c9   8   84  08  a8  00  00  10  18  00
   2265     735.844   00c9   8   84  08  a8  07  00  10  18  00
   2293     748.142   00c9   8   84  08  aa  0a  00  10  18  00
   2346     760.946   00c9   8   84  08  a6  0d  00  10  18  00
   2375     773.608   00c9   8   84  08  a5  00  00  10  18  00
   2420     785.703   00c9   8   84  08  a6  07  00  10  18  00
   2445     798.149   00c9   8   84  08  ab  0a  00  10  18  00
   2499     811.081   00c9   8   84  08  b3  0d  00  10  18  00
   2526     823.551   00c9   8   84  08  b2  00  00  10  18  00
   2574     836.115   00c9   8   84  08  af  07  00  10  18  00
   2598     847.971   00c9   8   84  08  b0  0a  00  10  18  00
   2650     861.020   00c9   8   84  08  b1  0d  00  10  18  00
   2677     873.583   00c9   8   84  08  a7  00  00  10  18  00
   2723     885.705   00c9   8   84  08  9f  07  00  10  18  00
   2747     898.094   00c9   8   84  08  a1  0a  00  10  18  00
   2798     910.716   00c9   8   84  08  a2  0d  00  10  18  00
   2825     923.587   00c9   8   84  08  9d  00  00  10  18  00
   2871     935.846   00c9   8   84  08  93  07  00  10  18  00
   2896     947.957   00c9   8   84  08  8d  0a  00  10  18  00
   2947     960.918   00c9   8   84  08  8d  0d  00  10  18  00
   2975     973.846   00c9   8   84  08  8c  00  00  10  18  00
   3021     985.659   00c9   8   84  08  95  07  00  10  18  00
   3049     998.643   00c9   8   84  08  99  0a  00  10  18  00
   3108    1011.243   00c9   8   84  08  92  0d  00  10  18  00
   3140    1023.564   00c9   8   84  08  8f  00  00  10  18  00
   3186    1035.824   00c9   8   84  08  95  07  00  10  18  00
   3211    1047.962   00c9   8   84  08  98  0a  00  10  18  00
   3267    1060.920   00c9   8   84  08  9a  0d  00  10  18  00
   3295    1073.591   00c9   8   84  08  a1  00  00  10  18  00
   3341    1085.689   00c9   8   84  08  9c  07  00  10  18  00
   3366    1098.117   00c9   8   84  08  96  0a  00  10  18  00
   3416    1110.800   00c9   8   84  08  96  0d  00  10  18  00
   3443    1123.561   00c9   8   84  08  9b  00  00  10  18  00
   3490    1136.077   00c9   8   84  08  9c  07  00  10  18  00
   3514    1147.984   00c9   8   84  08  97  0a  00  10  18  00
   3566    1161.045   00c9   8   84  08  95  0d  00  10  18  00
   3590    1172.895   00c9   8   84  08  96  00  00  10  18  00
   3639    1185.715   00c9   8   84  08  96  07  00  10  18  00
   3664    1198.176   00c9   8   84  08  96  0a  00  10  18  00
   3715    1210.733   00c9   8   84  08  90  0d  00  10  18  00
   3742    1223.577   00c9   8   84  08  89  00  00  10  18  00
   3789    1235.872   00c9   8   84  08  7f  07  00  10  18  00
   3819    1247.873   00c9   8   84  08  7e  0a  00  10  18  00
   3873    1260.920   00c9   8   84  08  81  0d  00  10  18  00
   3903    1273.868   00c9   8   84  08  80  00  00  10  18  00
   3949    1285.669   00c9   8   84  08  7c  07  00  10  18  00
   3977    1298.652   00c9   8   84  08  78  0a  00  10  18  00
   4031    1310.755   00c9   8   84  08  70  0d  00  10  18  00
   4059    1323.558   00c9   8   84  08  6d  00  00  10  18  00
   4106    1335.677   00c9   8   84  08  68  07  00  10  18  00
   4135    1348.029   00c9   8   84  08  63  0a  00  10  18  00
   4187    1360.924   00c9   8   84  08  61  0d  00  10  18  00
   4215    1373.592   00c9   8   84  08  68  00  00  10  18  00
   4263    1386.144   00c9   8   84  08  6e  07  00  10  18  00
   4288    1398.133   00c9   8   84  08  73  0a  00  10  18  00
   4338    1411.146   00c9   8   84  08  76  0d  00  10  18  00
   4365    1423.569   00c9   8   84  08  7a  00  00  10  18  00
   4411    1435.824   00c9   8   84  08  7a  07  00  10  18  00
   4436    1447.996   00c9   8   84  08  77  0a  00  10  18  00
   4488    1460.947   00c9   8   84  08  78  0d  00  10  18  00
   4513    1473.125   00c9   8   84  08  7c  00  00  10  18  00
   4562    1485.774   00c9   8   84  08  7d  07  00  10  18  00
   4588    1498.109   00c9   8   84  08  7b  0a  00  10  18  00
   4648    1511.017   00c9   8   84  08  7d  0d  00  10  18  00
   4677    1523.872   00c9   8   84  08  7d  00  00  10  18  00
   4723    1535.941   00c9   8   84  08  76  07  00  10  18  00
   4749    1548.450   00c9   8   84  08  70  0a  00  10  18  00
   4803    1560.942   00c9   8   84  08  78  0d  00  10  18  00
   4829    1573.133   00c9   8   84  08  81  00  00  10  18  00
   4877    1585.734   00c9   8   84  08  83  07  00  10  18  00
   4902    1598.113   00c9   8   84  08  83  0a  00  10  18  00
   4953    1610.739   00c9   8   84  08  84  0d  00  10  18  00
   4979    1623.570   00c9   8   84  08  85  00  00  10  18  00
   5025    1635.893   00c9   8   84  08  82  07  00  10  18  00
   5050    1648.041   00c9   8   84  08  85  0a  00  10  18  00
   5102    1661.129   00c9   8   84  08  82  0d  00  10  18  00
   5130    1673.620   00c9   8   84  08  70  00  00  10  18  00
   5177    1686.166   00c9   8   84  08  63  07  00  10  18  00
   5200    1698.170   00c9   8   84  08  67  0a  00  10  18  00
   5250    1710.746   00c9   8   84  08  6a  0d  00  10  18  00
   5275    1723.113   00c9   8   84  08  6a  00  00  10  18  00
   5324    1735.880   00c9   8   84  08  70  07  00  10  18  00
   5352    1748.132   00c9   8   84  08  6a  0a  00  10  18  00
   5405    1760.961   00c9   8   84  08  61  0d  00  10  18  00
   5433    1773.935   00c9   8   84  08  60  00  00  10  18  00
   5478    1785.751   00c9   8   84  08  6c  07  00  10  18  00
   5504    1798.646   00c9   8   84  08  72  0a  00  10  18  00
   5558    1810.759   00c9   8   84  08  73  0d  00  10  18  00
   5583    1823.080   00c9   8   84  08  75  00  00  10  18  00
   5631    1835.722   00c9   8   84  08  75  07  00  10  18  00
   5657    1848.092   00c9   8   84  08  78  0a  00  10  18  00
   5708    1860.898   00c9   8   84  08  74  0d  00  10  18  00
   5734    1873.089   00c9   8   84  08  6d  00  00  10  18  00
   5781    1885.710   00c9   8   84  08  68  07  00  10  18  00
   5806    1898.134   00c9   8   84  08  68  0a  00  10  18  00
   5857    1911.108   00c9   8   84  08  6d  0d  00  10  18  00
   5881    1923.070   00c9   8   84  08  73  00  00  10  18  00
   5930    1936.087   00c9   8   84  08  74  07  00  10  18  00
   5954    1947.994   00c9   8   84  08  76  0a  00  10  18  00
   6006    1960.899   00c9   8   84  08  78  0d  00  10  18  00
   6032    1973.093   00c9   8   84  08  7d  00  00  10  18  00
   6080    1985.718   00c9   8   84  08  84  07  00  10  18  00
   6107    1998.093   00c9   8   84  08  91  0a  00  10  18  00
   6168    2011.067   00c9   8   84  08  97  0d  00  10  18  00
   6197    2023.080   00c9   8   84  08  9c  00  00  10  18  00
   6245    2035.855   00c9   8   84  08  9f  07  00  10  18  00
   6272    2048.678   00c9   8   84  08  a1  0a  00  10  18  00
   6326    2060.912   00c9   8   84  08  a1  0d  00  10  18  00
   6353    2073.896   00c9   8   84  08  a2  00  00  10  18  00
   6399    2085.722   00c9   8   84  08  a6  07  00  10  18  00
   6424    2098.076   00c9   8   84  08  a8  0a  00  10  18  00
   6475    2110.711   00c9   8   84  08  9c  0d  00  10  18  00
   6500    2123.084   00c9   8   84  08  8d  00  00  10  18  00
   6548    2135.884   00c9   8   84  08  8c  07  00  10  18  00
   6573    2147.990   00c9   8   84  08  94  0a  00  10  18  00
   6624    2160.908   00c9   8   84  08  98  0d  00  10  18  00
   6650    2173.128   00c9   8   84  08  9c  00  00  10  18  00
   6699    2186.106   00c9   8   84  08  9b  07  00  10  18  00
   6722    2198.328   00c9   8   84  08  97  0a  00  10  18  00
   6774    2211.418   00c9   8   84  08  98  0d  00  10  18  00
   6797    2223.070   00c9   8   84  08  97  00  00  10  18  00
   6847    2236.102   00c9   8   84  08  94  07  00  10  18  00
   6876    2248.091   00c9   8   84  08  94  0a  00  10  18  00
   6929    2260.896   00c9   8   84  08  95  0d  00  10  18  00
   6957    2273.117   00c9   8   84  08  96  00  00  10  18  00
   7005    2285.758   00c9   8   84  08  97  07  00  10  18  00
   7032    2298.100   00c9   8   84  08  93  0a  00  10  18  00
   7087    2310.737   00c9   8   84  08  95  0d  00  10  18  00
   7113    2323.097   00c9   8   84  08  96  00  00  10  18  00
   7162    2335.727   00c9   8   84  08  8e  07  00  10  18  00
   7193    2348.741   00c9   8   84  08  8d  0a  00  10  18  00
   7244    2360.940   00c9   8   84  08  97  0d  00  10  18  00
   7271    2373.926   00c9   8   84  08  9d  00  00  10  18  00
   7317    2385.748   00c9   8   84  08  a9  07  00  10  18  00
   7344    2398.088   00c9   8   84  08  b3  0a  00  10  18  00
   7395    2410.716   00c9   8   84  08  b6  0d  00  10  18  00
   7420    2423.102   00c9   8   84  08  bb  00  00  10  18  00
   7468    2435.901   00c9   8   84  08  bd  07  00  10  18  00
   7493    2448.107   00c9   8   84  08  bd  0a  00  10  18  00
   7544    2460.899   00c9   8   84  08  b9  0d  00  10  18  00
   7570    2473.100   00c9   8   84  08  b4  00  00  10  18  00
   7618    2485.739   00c9   8   84  08  b2  07  00  10  18  00
   7645    2498.120   00c9   8   84  08  b1  0a  00  10  18  00
   7707    2511.501   00c9   8   84  08  ae  0d  00  10  18  00
   7730    2523.088   00c9   8   84  08  b2  00  00  10  18  00
   7779    2536.080   00c9   8   84  08  b4  07  00  10  18  00
   7803    2547.990   00c9   8   84  08  b9  0a  00  10  18  00
   7859    2561.193   00c9   8   84  08  c3  0d  00  10  18  00
   7885    2573.106   00c9   8   84  08  cc  00  00  10  18  00
   7933    2585.749   00c9   8   84  08  d1  07  00  10  18  00
   7958    2598.113   00c9   8   84  08  d0  0a  00  10  18  00
   8008    2610.688   00c9   8   84  08  cb  0d  00  10  18  00
   8033    2623.081   00c9   8   84  08  c7  00  00  10  18  00
   8081    2635.891   00c9   8   84  08  c0  07  00  10  18  00
   8106    2647.960   00c9   8   84  08  c7  0a  00  10  18  00
   8158    2660.921   00c9   8   84  08  ce  0d  00  10  18  00
   8183    2673.123   00c9   8   84  08  d0  00  00  10  18  00
   8231    2685.820   00c9   8   84  08  d0  07  00  10  18  00
   8256    2698.658   00c9   8   84  08  d0  0a  00  10  18  00
   8306    2710.848   00c9   8   84  08  cd  0d  00  10  18  00
   8333    2723.873   00c9   8   84  08  cb  00  00  10  18  00
   8379    2735.752   00c9   8   84  08  d1  07  00  10  18  00
   8409    2748.392   00c9   8   84  08  d5  0a  00  10  18  00
   8460    2760.923   00c9   8   84  08  c4  0d  00  10  18  00
   8487    2773.111   00c9   8   84  08  b4  00  00  10  18  00
   8534    2785.783   00c9   8   84  08  b0  07  00  10  18  00
   8559    2798.090   00c9   8   84  08  af  0a  00  10  18  00
   8614    2810.639   00c9   8   84  08  ae  0d  00  10  18  00
   8638    2822.989   00c9   8   84  08  b6  00  00  10  18  00
   8686    2835.668   00c9   8   84  08  b4  07  00  10  18  00
   8713    2848.104   00c9   8   84  08  b1  0a  00  10  18  00
   8764    2860.817   00c9   8   84  08  b5  0d  00  10  18  00
   8790    2873.015   00c9   8   84  08  b4  00  00  10  18  00
   8839    2886.103   00c9   8   84  08  b4  07  00  10  18  00
   8862    2898.104   00c9   8   84  08  bb  0a  00  10  18  00
   8912    2911.015   00c9   8   84  08  c3  0d  00  10  18  00
   8937    2922.991   00c9   8   84  08  ad  00  00  10  18  00
   8986    2936.047   00c9   8   84  08  93  07  00  10  18  00
   9011    2948.112   00c9   8   84  08  8d  0a  00  10  18  00
   9062    2960.835   00c9   8   84  08  97  0d  00  10  18  00
   9087    2973.020   00c9   8   84  08  9a  00  00  10  18  00
   9136    2985.722   00c9   8   84  08  a1  07  00  10  18  00
   9162    2998.038   00c9   8   84  08  a9  0a  00  10  18  00
   9223    3011.106   00c9   8   84  08  ab  0d  00  10  18  00
   9253    3023.020   00c9   8   84  08  ab  00  00  10  18  00
   9301    3035.879   00c9   8   84  08  b1  07  00  10  18  00
   9327    3048.422   00c9   8   84  08  b3  0a  00  10  18  00
   9381    3060.892   00c9   8   84  08  ad  0d  00  10  18  00
   9409    3073.810   00c9   8   84  08  a8  00  00  10  18  00
   9455    3085.703   00c9   8   84  08  af  07  00  10  18  00
   9481    3098.532   00c9   8   84  08  b5  0a  00  10  18  00
   9531    3110.703   00c9   8   84  08  b7  0d  00  10  18  00
   9555    3122.988   00c9   8   84  08  bb  00  00  10  18  00
   9603    3135.855   00c9   8   84  08  b9  07  00  10  18  00
   9629    3148.124   00c9   8   84  08  b7  0a  00  10  18  00
   9680    3160.818   00c9   8   84  08  b2  0d  00  10  18  00
   9706    3173.050   00c9   8   84  08  b6  00  00  10  18  00
   9753    3185.711   00c9   8   84  08  b5  07  00  10  18  00
   9778    3198.271   00c9   8   84  08  aa  0a  00  10  18  00
   9828    3210.743   00c9   8   84  08  a7  0d  00  10  18  00
   9853    3223.038   00c9   8   84  08  a9  00  00  10  18  00
   9903    3236.073   00c9   8   84  08  a6  07  00  10  18  00
   9933    3248.017   00c9   8   84  08  a8  0a  00  10  18  00
   9987    3261.296   00c9   8   84  08  aa  0d  00  10  18  00
  10017    3273.027   00c9   8   84  08  a0  00  00  10  18  00
  10067    3285.711   00c9   8   84  08  98  07  00  10  18  00
  10094    3298.002   00c9   8   84  08  98  0a  00  10  18  00
  10149    3310.684   00c9   8   84  08  98  0d  00  10  18  00
  10175    3323.011   00c9   8   84  08  9b  00  00  10  18  00
  10224    3335.737   00c9   8   84  08  a1  07  00  10  18  00
  10254    3348.183   00c9   8   84  08  a5  0a  00  10  18  00
  10305    3360.825   00c9   8   84  08  a2  0d  00  10  18  00
  10333    3373.912   00c9   8   84  08  9d  00  00  10  18  00
  10379    3385.731   00c9   8   84  08  a0  07  00  10  18  00
  10408    3398.791   00c9   8   84  08  a1  0a  00  10  18  00
  10457    3410.687   00c9   8   84  08  9f  0d  00  10  18  00
  10483    3423.811   00c9   8   84  08  a4  00  00  10  18  00
  10528    3435.681   00c9   8   84  08  a9  07  00  10  18  00
  10555    3448.176   00c9   8   84  08  a8  0a  00  10  18  00
  10606    3460.856   00c9   8   84  08  a2  0d  00  10  18  00
  10632    3473.032   00c9   8   84  08  9f  00  00  10  18  00
  10680    3485.742   00c9   8   84  08  97  07  00  10  18  00
  10707    3498.138   00c9   8   84  08  90  0a  00  10  18  00
  10766    3510.820   00c9   8   84  08  90  0d  00  10  18  00
  10793    3522.995   00c9   8   84  08  8f  00  00  10  18  00
  10842    3536.087   00c9   8   84  08  8c  07  00  10  18  00
  10867    3548.193   00c9   8   84  08  8a  0a  00  10  18  00
  10923    3561.378   00c9   8   84  08  89  0d  00  10  18  00
  10947    3573.023   00c9   8   84  08  90  00  00  10  18  00
  10996    3585.740   00c9   8   84  08  97  07  00  10  18  00
  11021    3598.065   00c9   8   84  08  9b  0a  00  10  18  00
  11072    3610.647   00c9   8   84  08  9e  0d  00  10  18  00
  11097    3623.017   00c9   8   84  08  9c  00  00  10  18  00
  11145    3635.911   00c9   8   84  08  a0  07  00  10  18  00
  11170    3647.953   00c9   8   84  08  a4  0a  00  10  18  00
  11221    3660.828   00c9   8   84  08  9f  0d  00  10  18  00
  11249    3673.795   00c9   8   84  08  98  00  00  10  18  00
  11294    3685.739   00c9   8   84  08  96  07  00  10  18  00
  11321    3698.815   00c9   8   84  08  94  0a  00  10  18  00
  11370    3710.763   00c9   8   84  08  8f  0d  00  10  18  00
  11396    3723.915   00c9   8   84  08  8e  00  00  10  18  00
  11443    3735.946   00c9   8   84  08  92  07  00  10  18  00
  11471    3748.020   00c9   8   84  08  92  0a  00  10  18  00
  11524    3760.859   00c9   8   84  08  91  0d  00  10  18  00
  11551    3773.027   00c9   8   84  08  90  00  00  10  18  00
  11598    3785.720   00c9   8   84  08  8f  07  00  10  18  00
  11623    3798.104   00c9   8   84  08  90  0a  00  10  18  00
  11677    3810.740   00c9   8   84  08  8f  0d  00  10  18  00
  11702    3823.077   00c9   8   84  08  93  00  00  10  18  00
  11752    3836.364   00c9   8   84  08  94  07  00  10  18  00
  11777    3848.231   00c9   8   84  08  89  0a  00  10  18  00
  11829    3861.438   00c9   8   84  08  85  0d  00  10  18  00
  11853    3873.089   00c9   8   84  08  91  00  00  10  18  00
  11901    3885.817   00c9   8   84  08  9a  07  00  10  18  00
  11925    3898.108   00c9   8   84  08  9b  0a  00  10  18  00
  11976    3910.699   00c9   8   84  08  9f  0d  00  10  18  00
  12001    3923.086   00c9   8   84  08  98  00  00  10  18  00
  12049    3935.977   00c9   8   84  08  91  07  00  10  18  00
  12075    3948.226   00c9   8   84  08  90  0a  00  10  18  00
  12125    3960.908   00c9   8   84  08  8d  0d  00  10  18  00
  12153    3974.011   00c9   8   84  08  8d  00  00  10  18  00
  12199    3985.792   00c9   8   84  08  99  07  00  10  18  00
  12228    3998.833   00c9   8   84  08  a3  0a  00  10  18  00
  12286    4011.232   00c9   8   84  08  9f  0d  00  10  18  00
  12316    4023.086   00c9   8   84  08  99  00  00  10  18  00
  12364    4035.976   00c9   8   84  08  9b  07  00  10  18  00
  12390    4048.221   00c9   8   84  08  9f  0a  00  10  18  00
  12445    4060.920   00c9   8   84  08  9c  0d  00  10  18  00
  12471    4073.091   00c9   8   84  08  9b  00  00  10  18  00
  12519    4085.810   00c9   8   84  08  99  07  00  10  18  00
  12544    4098.240   00c9   8   84  08  86  0a  00  10  18  00
  12594    4110.988   00c9   8   84  08  78  0d  00  10  18  00
  12619    4123.169   00c9   8   84  08  7d  00  00  10  18  00
  12668    4136.188   00c9   8   84  08  82  07  00  10  18  00
  12693    4148.243   00c9   8   84  08  8b  0a  00  10  18  00
  12745    4161.448   00c9   8   84  08  93  0d  00  10  18  00
  12769    4173.105   00c9   8   84  08  95  00  00  10  18  00
  12817    4185.824   00c9   8   84  08  95  07  00  10  18  00
  12841    4198.282   00c9   8   84  08  93  0a  00  10  18  00
  12892    4210.755   00c9   8   84  08  92  0d  00  10  18  00
  12917    4223.082   00c9   8   84  08  95  00  00  10  18  00
  12966    4236.001   00c9   8   84  08  97  07  00  10  18  00
  12995    4248.103   00c9   8   84  08  95  0a  00  10  18  00
  13048    4260.954   00c9   8   84  08  99  0d  00  10  18  00
  13078    4273.979   00c9   8   84  08  9a  00  00  10  18  00
  13124    4285.814   00c9   8   84  08  93  07  00  10  18  00
  13153    4298.863   00c9   8   84  08  93  0a  00  10  18  00
  13206    4310.899   00c9   8   84  08  9c  0d  00  10  18  00
  13232    4323.071   00c9   8   84  08  a3  00  00  10  18  00
  13281    4335.821   00c9   8   84  08  a7  07  00  10  18  00
  13310    4348.083   00c9   8   84  08  a9  0a  00  10  18  00
  13362    4360.890   00c9   8   84  08  a6  0d  00  10  18  00
  13388    4373.097   00c9   8   84  08  9c  00  00  10  18  00
  13436    4385.835   00c9   8   84  08  a1  07  00  10  18  00
  13463    4398.227   00c9   8   84  08  a8  0a  00  10  18  00
  13513    4410.715   00c9   8   84  08  a9  0d  00  10  18  00
  13538    4423.149   00c9   8   84  08  9e  00  00  10  18  00
  13587    4436.189   00c9   8   84  08  96  07  00  10  18  00
  13612    4448.236   00c9   8   84  08  97  0a  00  10  18  00
  13664    4461.461   00c9   8   84  08  9a  0d  00  10  18  00
  13688    4473.100   00c9   8   84  08  a2  00  00  10  18  00
  13737    4485.849   00c9   8   84  08  a8  07  00  10  18  00
  13763    4498.134   00c9   8   84  08  a5  0a  00  10  18  00
  13823    4511.040   00c9   8   84  08  a9  0d  00  10  18  00
  13849    4523.087   00c9   8   84  08  b8  00  00  10  18  00
  13897    4536.014   00c9   8   84  08  c5  07  00  10  18  00
  13923    4548.171   00c9   8   84  08  c7  0a  00  10  18  00
  13977    4560.995   00c9   8   84  08  c2  0d  00  10  18  00
  14003    4573.098   00c9   8   84  08  bc  00  00  10  18  00
  14051    4585.813   00c9   8   84  08  be  07  00  10  18  00
  14078    4598.846   00c9   8   84  08  c3  0a  00  10  18  00
  14127    4610.935   00c9   8   84  08  c5  0d  00  10  18  00
  14153    4623.978   00c9   8   84  08  c4  00  00  10  18  00
  14198    4635.807   00c9   8   84  08  c0  07  00  10  18  00
  14225    4648.492   00c9   8   84  08  be  0a  00  10  18  00
  14276    4660.944   00c9   8   84  08  b6  0d  00  10  18  00
  14302    4673.111   00c9   8   84  08  ac  00  00  10  18  00
  14349    4685.839   00c9   8   84  08  a4  07  00  10  18  00
  14374    4698.243   00c9   8   84  08  9c  0a  00  10  18  00
  14424    4710.739   00c9   8   84  08  98  0d  00  10  18  00
  14449    4723.087   00c9   8   84  08  92  00  00  10  18  00
  14498    4736.007   00c9   8   84  08  95  07  00  10  18  00
  14527    4748.248   00c9   8   84  08  9e  0a  00  10  18  00
  14580    4761.499   00c9   8   84  08  a3  0d  00  10  18  00
  14605    4773.098   00c9   8   84  08  ac  00  00  10  18  00
  14656    4786.367   00c9   8   84  08  b1  07  00  10  18  00
  14677    4798.219   00c9   8   84  08  ac  0a  00  10  18  00
  14733    4811.367   00c9   8   84  08  ad  0d  00  10  18  00
  14757    4823.039   00c9   8   84  08  b1  00  00  10  18  00
  14805    4835.821   00c9   8   84  08  b2  07  00  10  18  00
  14832    4848.161   00c9   8   84  08  b1  0a  00  10  18  00
  14882    4860.851   00c9   8   84  08  af  0d  00  10  18  00
  14908    4873.040   00c9   8   84  08  b6  00  00  10  18  00
  14955    4885.777   00c9   8   84  08  c4  07  00  10  18  00
  14980    4898.132   00c9   8   84  08  c6  0a  00  10  18  00
  15031    4910.737   00c9   8   84  08  c3  0d  00  10  18  00
  15055    4923.038   00c9   8   84  08  c1  00  00  10  18  00
  15103    4935.981   00c9   8   84  08  bc  07  00  10  18  00
  15130    4948.708   00c9   8   84  08  bd  0a  00  10  18  00
  15180    4960.936   00c9   8   84  08  b8  0d  00  10  18  00
  15208    4973.920   00c9   8   84  08  ad  00  00  10  18  00
  15254    4985.812   00c9   8   84  08  a4  07  00  10  18  00
  15282    4998.142   00c9   8   84  08  9d  0a  00  10  18  00
  15343    5011.207   00c9   8   84  08  98  0d  00  10  18  00
  15372    5023.045   00c9   8   84  08  99  00  00  10  18  00
  15420    5035.974   00c9   8   84  08  8e  07  00  10  18  00
  15446    5048.129   00c9   8   84  08  7a  0a  00  10  18  00
  15501    5060.876   00c9   8   84  08  69  0d  00  10  18  00
  15526    5073.103   00c9   8   84  08  64  00  00  10  18  00
  15578    5086.332   00c9   8   84  08  60  07  00  10  18  00
  15600    5098.269   00c9   8   84  08  5f  0a  00  10  18  00
  15652    5111.351   00c9   8   84  08  5d  0d  00  10  18  00
  15676    5123.097   00c9   8   84  08  69  00  00  10  18  00
  15724    5135.994   00c9   8   84  08  74  07  00  10  18  00
  15750    5148.128   00c9   8   84  08  73  0a  00  10  18  00
  15800    5160.876   00c9   8   84  08  79  0d  00  10  18  00
  15826    5173.070   00c9   8   84  08  87  00  00  10  18  00
  15873    5185.786   00c9   8   84  08  93  07  00  10  18  00
  15898    5198.393   00c9   8   84  08  9a  0a  00  10  18  00
  15949    5210.817   00c9   8   84  08  a3  0d  00  10  18  00
  15975    5224.010   00c9   8   84  08  a7  00  00  10  18  00
  16021    5235.777   00c9   8   84  08  9d  07  00  10  18  00
  16055    5248.700   00c9   8   84  08  95  0a  00  10  18  00
  16106    5260.921   00c9   8   84  08  92  0d  00  10  18  00
  16134    5273.074   00c9   8   84  08  8d  00  00  10  18  00
  16181    5285.606   00c9   8   84  08  8f  07  00  10  18  00
  16209    5298.167   00c9   8   84  08  96  0a  00  10  18  00
  16264    5310.780   00c9   8   84  08  98  0d  00  10  18  00
  16290    5323.088   00c9   8   84  08  97  00  00  10  18  00
  16339    5335.828   00c9   8   84  08  98  07  00  10  18  00
  16369    5348.238   00c9   8   84  08  a5  0a  00  10  18  00
  16422    5361.543   00c9   8   84  08  a9  0d  00  10  18  00
  16446    5373.168   00c9   8   84  08  9e  00  00  10  18  00
  16498    5386.324   00c9   8   84  08  9c  07  00  10  18  00
  16521    5398.206   00c9   8   84  08  91  0a  00  10  18  00
  16573    5411.354   00c9   8   84  08  84  0d  00  10  18  00
  16597    5423.055   00c9   8   84  08  81  00  00  10  18  00
  16644    5435.755   00c9   8   84  08  84  07  00  10  18  00
  16671    5448.226   00c9   8   84  08  8a  0a  00  10  18  00
  16721    5460.882   00c9   8   84  08  92  0d  00  10  18  00
  16747    5473.056   00c9   8   84  08  9f  00  00  10  18  00
  16795    5485.810   00c9   8   84  08  a6  07  00  10  18  00
  16822    5498.176   00c9   8   84  08  ad  0a  00  10  18  00
  16882    5511.008   00c9   8   84  08  b3  0d  00  10  18  00
  16910    5523.950   00c9   8   84  08  b7  00  00  10  18  00
  16955    5535.774   00c9   8   84  08  b4  07  00  10  18  00
  16983    5548.737   00c9   8   84  08  ae  0a  00  10  18  00
  17037    5561.008   00c9   8   84  08  a9  0d  00  10  18  00
  17063    5573.053   00c9   8   84  08  a4  00  00  10  18  00
  17111    5585.824   00c9   8   84  08  9d  07  00  10  18  00
  17136    5598.216   00c9   8   84  08  9e  0a  00  10  18  00
  17186    5610.732   00c9   8   84  08  a6  0d  00  10  18  00
  17211    5623.060   00c9   8   84  08  ab  00  00  10  18  00
  17259    5636.008   00c9   8   84  08  af  07  00  10  18  00
  17285    5648.193   00c9   8   84  08  b8  0a  00  10  18  00
  17336    5660.897   00c9   8   84  08  b7  0d  00  10  18  00
  17361    5673.098   00c9   8   84  08  ae  00  00  10  18  00
  17412    5686.332   00c9   8   84  08  ad  07  00  10  18  00
  17433    5698.262   00c9   8   84  08  ad  0a  00  10  18  00
  17485    5711.356   00c9   8   84  08  aa  0d  00  10  18  00
  17509    5723.109   00c9   8   84  08  a3  00  00  10  18  00
  17559    5736.277   00c9   8   84  08  9b  07  00  10  18  00
  17587    5748.242   00c9   8   84  08  9d  0a  00  10  18  00
  17638    5760.916   00c9   8   84  08  9f  0d  00  10  18  00
  17665    5773.059   00c9   8   84  08  a7  00  00  10  18  00
  17712    5785.824   00c9   8   84  08  aa  07  00  10  18  00
  17737    5798.169   00c9   8   84  08  aa  0a  00  10  18  00
  17792    5810.887   00c9   8   84  08  a0  0d  00  10  18  00
  17816    5823.036   00c9   8   84  08  9d  00  00  10  18  00
  17864    5835.838   00c9   8   84  08  9b  07  00  10  18  00
  17892    5848.743   00c9   8   84  08  96  0a  00  10  18  00
  17942    5860.976   00c9   8   84  08  94  0d  00  10  18  00
  17970    5874.047   00c9   8   84  08  90  00  00  10  18  00
  18015    5885.830   00c9   8   84  08  87  07  00  10  18  00
  18040    5898.213   00c9   8   84  08  82  0a  00  10  18  00
  18090    5910.714   00c9   8   84  08  83  0d  00  10  18  00
  18115    5923.077   00c9   8   84  08  84  00  00  10  18  00
  18163    5935.994   00c9   8   84  08  87  07  00  10  18  00
  18189    5948.177   00c9   8   84  08  8e  0a  00  10  18  00
  18240    5960.919   00c9   8   84  08  90  0d  00  10  18  00
  18265    5973.100   00c9   8   84  08  8a  00  00  10  18  00
  18317    5986.323   00c9   8   84  08  88  07  00  10  18  00
  18340    5998.240   00c9   8   84  08  95  0a  00  10  18  00
  18403    6011.662   00c9   8   84  08  9c  0d  00  10  18  00
  18431    6023.113   00c9   8   84  08  97  00  00  10  18  00
  18478    6035.760   00c9   8   84  08  99  07  00  10  18  00
  18505    6048.209   00c9   8   84  08  9e  0a  00  10  18  00
  18559    6060.939   00c9   8   84  08  9d  0d  00  10  18  00
  18585    6073.067   00c9   8   84  08  a1  00  00  10  18  00
  18633    6085.822   00c9   8   84  08  ab  07  00  10  18  00
  18658    6098.218   00c9   8   84  08  a7  0a  00  10  18  00
  18709    6110.835   00c9   8   84  08  a1  0d  00  10  18  00
  18733    6123.074   00c9   8   84  08  a2  00  00  10  18  00
  18781    6136.006   00c9   8   84  08  a2  07  00  10  18  00
  18808    6148.757   00c9   8   84  08  9d  0a  00  10  18  00
  18858    6160.980   00c9   8   84  08  94  0d  00  10  18  00
  18886    6174.054   00c9   8   84  08  8e  00  00  10  18  00
  18931    6185.812   00c9   8   84  08  97  07  00  10  18  00
  18956    6198.378   00c9   8   84  08  a0  0a  00  10  18  00
  19006    6210.768   00c9   8   84  08  a2  0d  00  10  18  00
  19031    6223.133   00c9   8   84  08  a1  00  00  10  18  00
  19080    6236.024   00c9   8   84  08  9b  07  00  10  18  00
  19110    6248.256   00c9   8   84  08  92  0a  00  10  18  00
  19162    6260.968   00c9   8   84  08  93  0d  00  10  18  00
  19190    6273.157   00c9   8   84  08  9e  00  00  10  18  00
  19241    6286.371   00c9   8   84  08  a1  07  00  10  18  00
  19265    6298.312   00c9   8   84  08  9a  0a  00  10  18  00
  19321    6311.406   00c9   8   84  08  93  0d  00  10  18  00
  19348    6323.613   00c9   8   84  08  90  00  00  10  18  00
  19398    6336.572   00c9   8   84  08  92  07  00  10  18  00
  19425    6348.237   00c9   8   84  08  98  0a  00  10  18  00
  19476    6360.963   00c9   8   84  08  99  0d  00  10  18  00
  19502    6373.095   00c9   8   84  08  9e  00  00  10  18  00
  19550    6385.809   00c9   8   84  08  a6  07  00  10  18  00
  19577    6398.224   00c9   8   84  08  a8  0a  00  10  18  00
  19628    6410.845   00c9   8   84  08  a5  0d  00  10  18  00
  19652    6423.076   00c9   8   84  08  a0  00  00  10  18  00
  19700    6436.028   00c9   8   84  08  a0  07  00  10  18  00
  19727    6448.760   00c9   8   84  08  9b  0a  00  10  18  00
  19777    6461.022   00c9   8   84  08  95  0d  00  10  18  00
  19805    6474.080   00c9   8   84  08  96  00  00  10  18  00
  19852    6486.066   00c9   8   84  08  a0  07  00  10  18  00
  19878    6498.231   00c9   8   84  08  a4  0a  00  10  18  00
  19937    6510.921   00c9   8   84  08  9e  0d  00  10  18  00
  19963    6523.117   00c9   8   84  08  96  00  00  10  18  00
  20011    6536.027   00c9   8   84  08  92  07  00  10  18  00
  20037    6548.132   00c9   8   84  08  91  0a  00  10  18  00
  20092    6560.992   00c9   8   84  08  96  0d  00  10  18  00
  20117    6573.155   00c9   8   84  08  93  00  00  10  18  00
  20169    6586.314   00c9   8   84  08  90  07  00  10  18  00
  20191    6598.387   00c9   8   84  08  90  0a  00  10  18  00
  20243    6611.403   00c9   8   84  08  8f  0d  00  10  18  00
  20269    6623.628   00c9   8   84  08  94  00  00  10  18  00
  20316    6636.335   00c9   8   84  08  98  07  00  10  18  00
  20341    6648.166   00c9   8   84  08  a1  0a  00  10  18  00
  20390    6660.711   00c9   8   84  08  a8  0d  00  10  18  00
  20417    6673.072   00c9   8   84  08  a6  00  00  10  18  00
  20464    6685.828   00c9   8   84  08  a6  07  00  10  18  00
  20489    6698.282   00c9   8   84  08  ac  0a  00  10  18  00
  20540    6710.868   00c9   8   84  08  b3  0d  00  10  18  00
  20564    6723.083   00c9   8   84  08  b7  00  00  10  18  00
  20613    6736.019   00c9   8   84  08  bb  07  00  10  18  00
  20642    6748.379   00c9   8   84  08  bc  0a  00  10  18  00
  20694    6761.136   00c9   8   84  08  bd  0d  00  10  18  00
  20723    6774.089   00c9   8   84  08  c1  00  00  10  18  00
  20768    6785.822   00c9   8   84  08  c8  07  00  10  18  00
  20795    6798.891   00c9   8   84  08  cf  0a  00  10  18  00
  20847    6810.954   00c9   8   84  08  d3  0d  00  10  18  00
  20875    6824.198   00c9   8   84  08  d7  00  00  10  18  00
  20920    6835.821   00c9   8   84  08  d5  07  00  10  18  00
  20947    6848.173   00c9   8   84  08  d2  0a  00  10  18  00
  20998    6860.988   00c9   8   84  08  cd  0d  00  10  18  00
  21023    6873.145   00c9   8   84  08  c4  00  00  10  18  00
  21070    6885.789   00c9   8   84  08  b3  07  00  10  18  00
  21095    6898.316   00c9   8   84  08  a4  0a  00  10  18  00
  21146    6910.808   00c9   8   84  08  9e  0d  00  10  18  00
  21173    6923.601   00c9   8   84  08  aa  00  00  10  18  00
  21219    6935.979   00c9   8   84  08  ae  07  00  10  18  00
  21245    6948.250   00c9   8   84  08  a5  0a  00  10  18  00
  21296    6961.513   00c9   8   84  08  9c  0d  00  10  18  00
  21321    6973.136   00c9   8   84  08  a2  00  00  10  18  00
  21372    6986.365   00c9   8   84  08  ab  07  00  10  18  00
  21396    6998.271   00c9   8   84  08  be  0a  00  10  18  00
  21457    7011.273   00c9   8   84  08  cd  0d  00  10  18  00
  21486    7023.103   00c9   8   84  08  c7  00  00  10  18  00
  21534    7035.994   00c9   8   84  08  bf  07  00  10  18  00
  21560    7048.071   00c9   8   84  08  bd  0a  00  10  18  00
  21615    7061.014   00c9   8   84  08  c3  0d  00  10  18  00
  21641    7073.063   00c9   8   84  08  be  00  00  10  18  00
  21690    7086.025   00c9   8   84  08  b8  07  00  10  18  00
  21714    7098.288   00c9   8   84  08  b3  0a  00  10  18  00
  21764    7110.874   00c9   8   84  08  a8  0d  00  10  18  00
  21792    7124.208   00c9   8   84  08  a7  00  00  10  18  00
  21837    7135.977   00c9   8   84  08  b0  07  00  10  18  00
  21864    7148.760   00c9   8   84  08  b3  0a  00  10  18  00
  21913    7160.739   00c9   8   84  08  b9  0d  00  10  18  00
  21941    7173.991   00c9   8   84  08  bc  00  00  10  18  00
  21987    7186.038   00c9   8   84  08  ba  07  00  10  18  00
  22011    7198.425   00c9   8   84  08  bb  0a  00  10  18  00
  22062    7210.835   00c9   8   84  08  c1  0d  00  10  18  00
  22087    7223.123   00c9   8   84  08  c5  00  00  10  18  00
  22135    7235.788   00c9   8   84  08  c2  07  00  10  18  00
  22169    7248.229   00c9   8   84  08  bd  0a  00  10  18  00
  22220    7260.706   00c9   8   84  08  bc  0d  00  10  18  00
  22249    7273.160   00c9   8   84  08  be  00  00  10  18  00
  22297    7285.777   00c9   8   84  08  bd  07  00  10  18  00
  22324    7298.310   00c9   8   84  08  be  0a  00  10  18  00
  22380    7311.323   00c9   8   84  08  b9  0d  00  10  18  00
  22407    7323.627   00c9   8   84  08  b1  00  00  10  18  00
  22457    7336.482   00c9   8   84  08  af  07  00  10  18  00
  22484    7348.213   00c9   8   84  08  b4  0a  00  10  18  00
  22536    7361.500   00c9   8   84  08  b5  0d  00  10  18  00
  22561    7373.076   00c9   8   84  08  b1  00  00  10  18  00
  22609    7385.777   00c9   8   84  08  ab  07  00  10  18  00
  22636    7398.255   00c9   8   84  08  ab  0a  00  10  18  00
  22686    7410.828   00c9   8   84  08  af  0d  00  10  18  00
  22711    7423.083   00c9   8   84  08  b9  00  00  10  18  00
  22759    7435.989   00c9   8   84  08  bb  07  00  10  18  00
  22785    7448.148   00c9   8   84  08  bd  0a  00  10  18  00
  22836    7461.080   00c9   8   84  08  bf  0d  00  10  18  00
  22863    7473.964   00c9   8   84  08  bf  00  00  10  18  00
  22910    7486.022   00c9   8   84  08  b3  07  00  10  18  00
  22938    7498.898   00c9   8   84  08  a6  0a  00  10  18  00
  22995    7511.181   00c9   8   84  08  a7  0d  00  10  18  00
  23026    7524.210   00c9   8   84  08  a6  00  00  10  18  00
  23071    7535.991   00c9   8   84  08  9d  07  00  10  18  00
  23097    7548.138   00c9   8   84  08  97  0a  00  10  18  00
  23150    7560.675   00c9   8   84  08  97  0d  00  10  18  00
  23177    7573.109   00c9   8   84  08  97  00  00  10  18  00
  23225    7585.786   00c9   8   84  08  97  07  00  10  18  00
  23251    7598.356   00c9   8   84  08  9c  0a  00  10  18  00
  23302    7610.827   00c9   8   84  08  9a  0d  00  10  18  00
  23328    7623.619   00c9   8   84  08  95  00  00  10  18  00
  23376    7636.327   00c9   8   84  08  94  07  00  10  18  00
  23400    7648.146   00c9   8   84  08  93  0a  00  10  18  00
  23452    7661.482   00c9   8   84  08  91  0d  00  10  18  00
  23477    7673.118   00c9   8   84  08  92  00  00  10  18  00
  23524    7685.786   00c9   8   84  08  95  07  00  10  18  00
  23550    7698.305   00c9   8   84  08  9a  0a  00  10  18  00
  23600    7710.876   00c9   8   84  08  9f  0d  00  10  18  00
  23625    7723.123   00c9   8   84  08  a9  00  00  10  18  00
  23674    7735.989   00c9   8   84  08  ac  07  00  10  18  00
  23703    7748.176   00c9   8   84  08  ad  0a  00  10  18  00
  23754    7760.832   00c9   8   84  08  aa  0d  00  10  18  00
  23781    7773.122   00c9   8   84  08  b2  00  00  10  18  00
  23830    7785.936   00c9   8   84  08  c1  07  00  10  18  00
  23855    7798.900   00c9   8   84  08  c7  0a  00  10  18  00
  23908    7811.091   00c9   8   84  08  c6  0d  00  10  18  00
  23936    7824.175   00c9   8   84  08  c5  00  00  10  18  00
  23983    7836.132   00c9   8   84  08  bb  07  00  10  18  00
  24009    7848.706   00c9   8   84  08  b4  0a  00  10  18  00
  24057    7860.721   00c9   8   84  08  b9  0d  00  10  18  00
  24084    7873.127   00c9   8   84  08  bb  00  00  10  18  00
  24131    7885.742   00c9   8   84  08  ba  07  00  10  18  00
  24156    7898.231   00c9   8   84  08  bb  0a  00  10  18  00
  24207    7910.765   00c9   8   84  08  b9  0d  00  10  18  00
  24231    7923.115   00c9   8   84  08  b6  00  00  10  18  00
  24279    7935.951   00c9   8   84  08  ae  07  00  10  18  00
  24305    7948.206   00c9   8   84  08  ac  0a  00  10  18  00
  24355    7960.733   00c9   8   84  08  aa  0d  00  10  18  00
  24382    7973.209   00c9   8   84  08  ab  00  00  10  18  00
  24433    7986.341   00c9   8   84  08  b0  07  00  10  18  00
  24457    7998.272   00c9   8   84  08  af  0a  00  10  18  00
  24520    8011.616   00c9   8   84  08  ac  0d  00  10  18  00
  24547    8023.127   00c9   8   84  08  b0  00  00  10  18  00
  24595    8035.945   00c9   8   84  08  b4  07  00  10  18  00
  24621    8048.159   00c9   8   84  08  b2  0a  00  10  18  00
  24675    8060.734   00c9   8   84  08  b2  0d  00  10  18  00
  24701    8073.053   00c9   8   84  08  b5  00  00  10  18  00
  24751    8085.917   00c9   8   84  08  b7  07  00  10  18  00
  24774    8098.263   00c9   8   84  08  b4  0a  00  10  18  00
  24825    8110.953   00c9   8   84  08  ac  0d  00  10  18  00
  24852    8123.628   00c9   8   84  08  a6  00  00  10  18  00
  24898    8135.960   00c9   8   84  08  9e  07  00  10  18  00
  24925    8148.707   00c9   8   84  08  96  0a  00  10  18  00
  24973    8160.728   00c9   8   84  08  94  0d  00  10  18  00
  25003    8174.118   00c9   8   84  08  90  00  00  10  18  00
  25049    8185.913   00c9   8   84  08  89  07  00  10  18  00
  25072    8198.390   00c9   8   84  08  88  0a  00  10  18  00
  25123    8210.803   00c9   8   84  08  8d  0d  00  10  18  00
  25147    8223.120   00c9   8   84  08  8f  00  00  10  18  00
  25196    8235.944   00c9   8   84  08  8b  07  00  10  18  00
  25226    8248.187   00c9   8   84  08  87  0a  00  10  18  00
  25277    8260.732   00c9   8   84  08  7e  0d  00  10  18  00
  25306    8273.145   00c9   8   84  08  7a  00  00  10  18  00
  25357    8286.400   00c9   8   84  08  7c  07  00  10  18  00
  25381    8298.273   00c9   8   84  08  85  0a  00  10  18  00
  25436    8311.468   00c9   8   84  08  8b  0d  00  10  18  00
  25463    8323.658   00c9   8   84  08  8d  00  00  10  18  00
  25512    8336.128   00c9   8   84  08  92  07  00  10  18  00
  25540    8348.160   00c9   8   84  08  9f  0a  00  10  18  00
  25591    8360.749   00c9   8   84  08  ad  0d  00  10  18  00
  25618    8373.120   00c9   8   84  08  b4  00  00  10  18  00
  25668    8385.906   00c9   8   84  08  b1  07  00  10  18  00
  25693    8398.254   00c9   8   84  08  b2  0a  00  10  18  00
  25744    8410.876   00c9   8   84  08  b0  0d  00  10  18  00
  25771    8423.632   00c9   8   84  08  b2  00  00  10  18  00
  25817    8435.961   00c9   8   84  08  ab  07  00  10  18  00
  25844    8448.703   00c9   8   84  08  a3  0a  00  10  18  00
  25892    8460.797   00c9   8   84  08  a1  0d  00  10  18  00
  25922    8474.125   00c9   8   84  08  a0  00  00  10  18  00
  25969    8485.919   00c9   8   84  08  9c  07  00  10  18  00
  25994    8498.275   00c9   8   84  08  9c  0a  00  10  18  00
  26054    8511.121   00c9   8   84  08  a2  0d  00  10  18  00
  26079    8523.129   00c9   8   84  08  a6  00  00  10  18  00
  26127    8535.952   00c9   8   84  08  a0  07  00  10  18  00
  26153    8548.166   00c9   8   84  08  95  0a  00  10  18  00
  26207    8560.778   00c9   8   84  08  8e  0d  00  10  18  00
  26234    8573.185   00c9   8   84  08  93  00  00  10  18  00
  26285    8586.323   00c9   8   84  08  94  07  00  10  18  00
  26308    8598.439   00c9   8   84  08  90  0a  00  10  18  00
  26359    8611.404   00c9   8   84  08  8a  0d  00  10  18  00
  26385    8623.687   00c9   8   84  08  86  00  00  10  18  00
  26432    8636.363   00c9   8   84  08  89  07  00  10  18  00
  26457    8648.118   00c9   8   84  08  8b  0a  00  10  18  00
  26507    8660.729   00c9   8   84  08  88  0d  00  10  18  00
  26533    8673.080   00c9   8   84  08  8c  00  00  10  18  00
  26582    8685.911   00c9   8   84  08  99  07  00  10  18  00
  26605    8698.314   00c9   8   84  08  97  0a  00  10  18  00
  26656    8710.937   00c9   8   84  08  8e  0d  00  10  18  00
  26683    8723.630   00c9   8   84  08  8d  00  00  10  18  00
  26730    8735.947   00c9   8   84  08  8e  07  00  10  18  00
  26761    8748.966   00c9   8   84  08  8f  0a  00  10  18  00
  26809    8760.810   00c9   8   84  08  8d  0d  00  10  18  00
  26840    8774.114   00c9   8   84  08  8d  00  00  10  18  00
  26886    8785.893   00c9   8   84  08  87  07  00  10  18  00
  26909    8798.269   00c9   8   84  08  7d  0a  00  10  18  00
  26964    8810.895   00c9   8   84  08  7d  0d  00  10  18  00
  26990    8823.645   00c9   8   84  08  7e  00  00  10  18  00
  27038    8836.106   00c9   8   84  08  7c  07  00  10  18  00
  27063    8848.222   00c9   8   84  08  74  0a  00  10  18  00
  27115    8861.346   00c9   8   84  08  73  0d  00  10  18  00
  27142    8873.780   00c9   8   84  08  7a  00  00  10  18  00
  27190    8886.370   00c9   8   84  08  7d  07  00  10  18  00
  27213    8898.321   00c9   8   84  08  79  0a  00  10  18  00
  27264    8911.443   00c9   8   84  08  74  0d  00  10  18  00
  27288    8923.128   00c9   8   84  08  6b  00  00  10  18  00
  27336    8935.922   00c9   8   84  08  65  07  00  10  18  00
  27362    8948.238   00c9   8   84  08  61  0a  00  10  18  00
  27412    8960.815   00c9   8   84  08  5f  0d  00  10  18  00
  27438    8973.163   00c9   8   84  08  5d  00  00  10  18  00
  27487    8985.967   00c9   8   84  08  62  07  00  10  18  00
  27516    8998.841   00c9   8   84  08  6b  0a  00  10  18  00
  27576    9011.780   00c9   8   84  08  75  0d  00  10  18  00
  27608    9024.151   00c9   8   84  08  7d  00  00  10  18  00
  27653    9035.932   00c9   8   84  08  7d  07  00  10  18  00
  27679    9048.203   00c9   8   84  08  7e  0a  00  10  18  00
  27732    9060.771   00c9   8   84  08  78  0d  00  10  18  00
  27759    9073.186   00c9   8   84  08  76  00  00  10  18  00
  27808    9085.978   00c9   8   84  08  7b  07  00  10  18  00
  27833    9098.400   00c9   8   84  08  81  0a  00  10  18  00
  27884    9110.864   00c9   8   84  08  81  0d  00  10  18  00
  27910    9123.787   00c9   8   84  08  7c  00  00  10  18  00
  27958    9136.363   00c9   8   84  08  76  07  00  10  18  00
  27982    9148.239   00c9   8   84  08  6c  0a  00  10  18  00
  28034    9161.555   00c9   8   84  08  68  0d  00  10  18  00
  28059    9173.173   00c9   8   84  08  69  00  00  10  18  00
  28107    9185.955   00c9   8   84  08  6b  07  00  10  18  00
  28132    9198.672   00c9   8   84  08  6a  0a  00  10  18  00
  28182    9211.244   00c9   8   84  08  68  0d  00  10  18  00
  28208    9223.688   00c9   8   84  08  68  00  00  10  18  00
  28255    9235.925   00c9   8   84  08  6d  07  00  10  18  00
  28289    9248.918   00c9   8   84  08  6d  0a  00  10  18  00
  28338    9260.893   00c9   8   84  08  69  0d  00  10  18  00
  28370    9274.114   00c9   8   84  08  62  00  00  10  18  00
  28416    9285.975   00c9   8   84  08  64  07  00  10  18  00
  28442    9298.361   00c9   8   84  08  6c  0a  00  10  18  00
  28497    9310.942   00c9   8   84  08  80  0d  00  10  18  00
  28525    9323.696   00c9   8   84  08  90  00  00  10  18  00
  28574    9336.116   00c9   8   84  08  9d  07  00  10  18  00
  28602    9348.270   00c9   8   84  08  ab  0a  00  10  18  00
  28652    9360.784   00c9   8   84  08  ac  0d  00  10  18  00
  28679    9373.241   00c9   8   84  08  a5  00  00  10  18  00
  28730    9386.302   00c9   8   84  08  a6  07  00  10  18  00
  28754    9398.445   00c9   8   84  08  aa  0a  00  10  18  00
  28806    9411.357   00c9   8   84  08  ab  0d  00  10  18  00
  28831    9423.700   00c9   8   84  08  9b  00  00  10  18  00
  28877    9435.928   00c9   8   84  08  84  07  00  10  18  00
  28903    9448.202   00c9   8   84  08  7d  0a  00  10  18  00
  28953    9460.831   00c9   8   84  08  81  0d  00  10  18  00
  28980    9473.175   00c9   8   84  08  83  00  00  10  18  00
  29029    9485.969   00c9   8   84  08  7c  07  00  10  18  00
  29055    9498.310   00c9   8   84  08  7a  0a  00  10  18  00
  29115    9511.216   00c9   8   84  08  6f  0d  00  10  18  00
  29144    9524.160   00c9   8   84  08  6b  00  00  10  18  00
  29189    9535.925   00c9   8   84  08  70  07  00  10  18  00
  29217    9548.942   00c9   8   84  08  72  0a  00  10  18  00
  29269    9560.879   00c9   8   84  08  6c  0d  00  10  18  00
  29295    9573.192   00c9   8   84  08  63  00  00  10  18  00
  29344    9585.967   00c9   8   84  08  5f  07  00  10  18  00
  29368    9598.390   00c9   8   84  08  5a  0a  00  10  18  00
  29419    9610.890   00c9   8   84  08  63  0d  00  10  18  00
  29446    9623.720   00c9   8   84  08  6d  00  00  10  18  00
  29493    9636.130   00c9   8   84  08  71  07  00  10  18  00
  29518    9648.317   00c9   8   84  08  70  0a  00  10  18  00
  29569    9661.559   00c9   8   84  08  71  0d  00  10  18  00
  29594    9673.189   00c9   8   84  08  73  00  00  10  18  00
  29644    9686.413   00c9   8   84  08  75  07  00  10  18  00
  29666    9698.377   00c9   8   84  08  7d  0a  00  10  18  00
  29717    9710.950   00c9   8   84  08  81  0d  00  10  18  00
  29743    9723.663   00c9   8   84  08  78  00  00  10  18  00
  29790    9735.925   00c9   8   84  08  72  07  00  10  18  00
  29819    9748.176   00c9   8   84  08  77  0a  00  10  18  00
  29870    9760.870   00c9   8   84  08  84  0d  00  10  18  00
  29900    9774.126   00c9   8   84  08  8c  00  00  10  18  00
  29947    9786.109   00c9   8   84  08  92  07  00  10  18  00
  29973    9799.087   00c9   8   84  08  97  0a  00  10  18  00
  30024    9810.933   00c9   8   84  08  92  0d  00  10  18  00
  30052    9824.065   00c9   8   84  08  90  00  00  10  18  00
  30099    9836.009   00c9   8   84  08  8f  07  00  10  18  00
  30124    9848.154   00c9   8   84  08  8b  0a  00  10  18  00
  30174    9860.710   00c9   8   84  08  88  0d  00  10  18  00
  30200    9873.127   00c9   8   84  08  82  00  00  10  18  00
  30248    9885.898   00c9   8   84  08  7a  07  00  10  18  00
  30272    9898.308   00c9   8   84  08  70  0a  00  10  18  00
  30324    9911.349   00c9   8   84  08  69  0d  00  10  18  00
  30348    9923.178   00c9   8   84  08  6e  00  00  10  18  00
  30397    9936.282   00c9   8   84  08  6f  07  00  10  18  00
  30422    9948.204   00c9   8   84  08  6d  0a  00  10  18  00
  30471    9960.730   00c9   8   84  08  70  0d  00  10  18  00
  30498    9973.086   00c9   8   84  08  76  00  00  10  18  00
  30547    9985.860   00c9   8   84  08  77  07  00  10  18  00
  30573    9998.262   00c9   8   84  08  75  0a  00  10  18  00
  30636   10011.628   00c9   8   84  08  73  0d  00  10  18  00
  30663   10023.068   00c9   8   84  08  6e  00  00  10  18  00
  30712   10036.026   00c9   8   84  08  70  07  00  10  18  00
  30739   10048.845   00c9   8   84  08  75  0a  00  10  18  00
  30791   10060.844   00c9   8   84  08  81  0d  00  10  18  00
  30820   10074.039   00c9   8   84  08  8a  00  00  10  18  00
  30867   10085.858   00c9   8   84  08  93  07  00  10  18  00
  30891   10098.311   00c9   8   84  08  9e  0a  00  10  18  00
  30941   10110.831   00c9   8   84  08  98  0d  00  10  18  00
  30966   10123.187   00c9   8   84  08  8e  00  00  10  18  00
  31014   10135.832   00c9   8   84  08  83  07  00  10  18  00
  31040   10148.213   00c9   8   84  08  83  0a  00  10  18  00
  31090   10160.709   00c9   8   84  08  81  0d  00  10  18  00
  31118   10173.657   00c9   8   84  08  78  00  00  10  18  00
  31167   10186.357   00c9   8   84  08  75  07  00  10  18  00
  31189   10198.587   00c9   8   84  08  76  0a  00  10  18  00
  31240   10211.415   00c9   8   84  08  73  0d  00  10  18  00
  31266   10223.592   00c9   8   84  08  71  00  00  10  18  00
  31313   10235.842   00c9   8   84  08  6f  07  00  10  18  00
  31343   10248.114   00c9   8   84  08  75  0a  00  10  18  00
  31394   10260.776   00c9   8   84  08  80  0d  00  10  18  00
  31423   10273.084   00c9   8   84  08  93  00  00  10  18  00
  31472   10285.882   00c9   8   84  08  a1  07  00  10  18  00
  31498   10298.263   00c9   8   84  08  a9  0a  00  10  18  00
  31554   10311.137   00c9   8   84  08  a7  0d  00  10  18  00
  31582   10324.055   00c9   8   84  08  a7  00  00  10  18  00
  31630   10336.028   00c9   8   84  08  a4  07  00  10  18  00
  31660   10348.840   00c9   8   84  08  a1  0a  00  10  18  00
  31709   10361.025   00c9   8   84  08  a6  0d  00  10  18  00
  31737   10373.667   00c9   8   84  08  a7  00  00  10  18  00
  31784   10385.870   00c9   8   84  08  9f  07  00  10  18  00
  31810   10398.294   00c9   8   84  08  9b  0a  00  10  18  00
  31860   10410.862   00c9   8   84  08  9b  0d  00  10  18  00
  31887   10423.601   00c9   8   84  08  98  00  00  10  18  00
  31933   10435.834   00c9   8   84  08  98  07  00  10  18  00
  31959   10448.251   00c9   8   84  08  9c  0a  00  10  18  00
  32009   10460.785   00c9   8   84  08  9a  0d  00  10  18  00
  32035   10473.238   00c9   8   84  08  9d  00  00  10  18  00
  32087   10486.377   00c9   8   84  08  a4  07  00  10  18  00
  32110   10498.316   00c9   8   84  08  a3  0a  00  10  18  00
  32172   10511.690   00c9   8   84  08  a0  0d  00  10  18  00
  32198   10523.643   00c9   8   84  08  a0  00  00  10  18  00
  32244   10535.837   00c9   8   84  08  a1  07  00  10  18  00
  32270   10548.110   00c9   8   84  08  a7  0a  00  10  18  00
  32323   10560.793   00c9   8   84  08  ac  0d  00  10  18  00
  32350   10573.136   00c9   8   84  08  b0  00  00  10  18  00
  32399   10585.893   00c9   8   84  08  ad  07  00  10  18  00
  32423   10598.362   00c9   8   84  08  ab  0a  00  10  18  00
  32475   10611.150   00c9   8   84  08  9f  0d  00  10  18  00
  32500   10623.841   00c9   8   84  08  98  00  00  10  18  00
  32547   10636.036   00c9   8   84  08  97  07  00  10  18  00
  32574   10648.833   00c9   8   84  08  93  0a  00  10  18  00
  32622   10660.817   00c9   8   84  08  8f  0d  00  10  18  00
  32651   10674.061   00c9   8   84  08  89  00  00  10  18  00
  32697   10685.893   00c9   8   84  08  83  07  00  10  18  00
  32721   10698.364   00c9   8   84  08  80  0a  00  10  18  00
  32771   10710.884   00c9   8   84  08  89  0d  00  10  18  00
  32798   10723.633   00c9   8   84  08  98  00  00  10  18  00
  32845   10735.834   00c9   8   84  08  9d  07  00  10  18  00
  32874   10748.204   00c9   8   84  08  9c  0a  00  10  18  00
  32925   10760.754   00c9   8   84  08  9f  0d  00  10  18  00
  32954   10773.682   00c9   8   84  08  a7  00  00  10  18  00
  33003   10786.358   00c9   8   84  08  aa  07  00  10  18  00
  33024   10798.311   00c9   8   84  08  a7  0a  00  10  18  00
  33080   10811.574   00c9   8   84  08  a4  0d  00  10  18  00
  33106   10823.746   00c9   8   84  08  a3  00  00  10  18  00
  33154   10836.383   00c9   8   84  08  a7  07  00  10  18  00
  33179   10848.302   00c9   8   84  08  ad  0a  00  10  18  00
  33228   10860.817   00c9   8   84  08  af  0d  00  10  18  00
  33255   10873.211   00c9   8   84  08  ae  00  00  10  18  00
  33303   10885.938   00c9   8   84  08  b0  07  00  10  18  00
  33327   10898.348   00c9   8   84  08  ab  0a  00  10  18  00
  33379   10911.203   00c9   8   84  08  a9  0d  00  10  18  00
  33404   10923.672   00c9   8   84  08  af  00  00  10  18  00
  33451   10936.073   00c9   8   84  08  b2  07  00  10  18  00
  33478   10948.906   00c9   8   84  08  b3  0a  00  10  18  00
  33527   10961.076   00c9   8   84  08  b0  0d  00  10  18  00
  33556   10974.364   00c9   8   84  08  af  00  00  10  18  00
  33603   10986.072   00c9   8   84  08  b6  07  00  10  18  00
  33630   10998.862   00c9   8   84  08  bc  0a  00  10  18  00
  33690   11011.680   00c9   8   84  08  bd  0d  00  10  18  00
  33718   11023.216   00c9   8   84  08  bb  00  00  10  18  00
  33766   11035.943   00c9   8   84  08  b0  07  00  10  18  00
  33792   11048.258   00c9   8   84  08  a7  0a  00  10  18  00
  33846   11060.919   00c9   8   84  08  a4  0d  00  10  18  00
  33872   11073.249   00c9   8   84  08  a4  00  00  10  18  00
  33921   11085.917   00c9   8   84  08  a1  07  00  10  18  00
  33945   11098.456   00c9   8   84  08  9f  0a  00  10  18  00
  33997   11111.491   00c9   8   84  08  99  0d  00  10  18  00
  34023   11123.870   00c9   8   84  08  93  00  00  10  18  00
  34070   11136.433   00c9   8   84  08  91  07  00  10  18  00
  34095   11148.290   00c9   8   84  08  95  0a  00  10  18  00
  34146   11161.609   00c9   8   84  08  96  0d  00  10  18  00
  34171   11173.198   00c9   8   84  08  9c  00  00  10  18  00
  34219   11185.925   00c9   8   84  08  a4  07  00  10  18  00
  34245   11198.632   00c9   8   84  08  a7  0a  00  10  18  00
  34296   11211.208   00c9   8   84  08  aa  0d  00  10  18  00
  34319   11223.238   00c9   8   84  08  a6  00  00  10  18  00
  34369   11236.076   00c9   8   84  08  a4  07  00  10  18  00
  34400   11248.234   00c9   8   84  08  a4  0a  00  10  18  00
  34451   11260.922   00c9   8   84  08  a5  0d  00  10  18  00
  34483   11274.123   00c9   8   84  08  ad  00  00  10  18  00
  34529   11286.045   00c9   8   84  08  b8  07  00  10  18  00
  34557   11299.041   00c9   8   84  08  be  0a  00  10  18  00
  34609   11311.185   00c9   8   84  08  be  0d  00  10  18  00
  34638   11324.341   00c9   8   84  08  be  00  00  10  18  00
  34685   11336.096   00c9   8   84  08  b0  07  00  10  18  00
  34713   11348.303   00c9   8   84  08  a8  0a  00  10  18  00
  34764   11360.837   00c9   8   84  08  a3  0d  00  10  18  00
  34794   11373.747   00c9   8   84  08  9f  00  00  10  18  00
  34841   11385.938   00c9   8   84  08  97  07  00  10  18  00
  34868   11398.633   00c9   8   84  08  91  0a  00  10  18  00
  34918   11410.935   00c9   8   84  08  8e  0d  00  10  18  00
  34945   11423.820   00c9   8   84  08  8b  00  00  10  18  00
  34992   11436.445   00c9   8   84  08  89  07  00  10  18  00
  35017   11448.348   00c9   8   84  08  8f  0a  00  10  18  00
  35068   11461.641   00c9   8   84  08  90  0d  00  10  18  00
  35093   11473.276   00c9   8   84  08  8a  00  00  10  18  00
  35142   11485.922   00c9   8   84  08  89  07  00  10  18  00
  35168   11498.405   00c9   8   84  08  92  0a  00  10  18  00
  35228   11511.254   00c9   8   84  08  9a  0d  00  10  18  00
  35254   11523.217   00c9   8   84  08  a6  00  00  10  18  00
  35303   11536.071   00c9   8   84  08  b3  07  00  10  18  00
  35328   11548.255   00c9   8   84  08  ad  0a  00  10  18  00
  35383   11561.082   00c9   8   84  08  9f  0d  00  10  18  00
  35411   11573.962   00c9   8   84  08  9c  00  00  10  18  00
  35459   11586.065   00c9   8   84  08  a5  07  00  10  18  00
  35485   11599.051   00c9   8   84  08  a8  0a  00  10  18  00
  35533   11611.209   00c9   8   84  08  a1  0d  00  10  18  00
  35561   11624.341   00c9   8   84  08  9c  00  00  10  18  00
  35606   11636.118   00c9   8   84  08  a2  07  00  10  18  00
  35631   11648.287   00c9   8   84  08  a9  0a  00  10  18  00
  35681   11660.819   00c9   8   84  08  ab  0d  00  10  18  00
  35707   11673.247   00c9   8   84  08  ab  00  00  10  18  00
  35755   11685.949   00c9   8   84  08  a6  07  00  10  18  00
  35780   11698.632   00c9   8   84  08  a3  0a  00  10  18  00
  35831   11711.212   00c9   8   84  08  a4  0d  00  10  18  00
  35857   11723.809   00c9   8   84  08  a4  00  00  10  18  00
  35905   11736.328   00c9   8   84  08  a2  07  00  10  18  00
  35933   11748.405   00c9   8   84  08  9f  0a  00  10  18  00
  35985   11761.671   00c9   8   84  08  9d  0d  00  10  18  00
  36013   11773.798   00c9   8   84  08  9f  00  00  10  18  00
  36061   11786.336   00c9   8   84  08  a4  07  00  10  18  00
  36084   11798.633   00c9   8   84  08  a7  0a  00  10  18  00
  36139   11811.244   00c9   8   84  08  a8  0d  00  10  18  00
  36162   11823.257   00c9   8   84  08  ae  00  00  10  18  00
  36212   11836.055   00c9   8   84  08  b6  07  00  10  18  00
  36237   11848.267   00c9   8   84  08  b7  0a  00  10  18  00
  36287   11860.897   00c9   8   84  08  b5  0d  00  10  18  00
  36314   11873.264   00c9   8   84  08  b0  00  00  10  18  00
  36363   11886.056   00c9   8   84  08  b9  07  00  10  18  00
  36386   11898.376   00c9   8   84  08  bd  0a  00  10  18  00
  36437   11911.182   00c9   8   84  08  be  0d  00  10  18  00
  36465   11924.314   00c9   8   84  08  c5  00  00  10  18  00
  36510   11936.019   00c9   8   84  08  c8  07  00  10  18  00
  36537   11948.869   00c9   8   84  08  c9  0a  00  10  18  00
  36586   11961.141   00c9   8   84  08  c0  0d  00  10  18  00
  36615   11974.363   00c9   8   84  08  b7  00  00  10  18  00
  36662   11985.967   00c9   8   84  08  aa  07  00  10  18  00
  36686   11998.388   00c9   8   84  08  a2  0a  00  10  18  00
  36748   12011.586   00c9   8   84  08  9e  0d  00  10  18  00
  36777   12023.284   00c9   8   84  08  9c  00  00  10  18  00
  36826   12036.077   00c9   8   84  08  99  07  00  10  18  00
  36851   12048.345   00c9   8   84  08  99  0a  00  10  18  00
  36904   12060.886   00c9   8   84  08  99  0d  00  10  18  00
  36933   12073.780   00c9   8   84  08  98  00  00  10  18  00
  36982   12086.485   00c9   8   84  08  94  07  00  10  18  00
  37005   12098.600   00c9   8   84  08  92  0a  00  10  18  00
  37056   12111.555   00c9   8   84  08  8e  0d  00  10  18  00
  37081   12123.802   00c9   8   84  08  91  00  00  10  18  00
  37128   12136.035   00c9   8   84  08  98  07  00  10  18  00
  37153   12148.282   00c9   8   84  08  9c  0a  00  10  18  00
  37204   12161.040   00c9   8   84  08  9b  0d  00  10  18  00
  37230   12173.242   00c9   8   84  08  9c  00  00  10  18  00
  37279   12186.033   00c9   8   84  08  a5  07  00  10  18  00
  37303   12198.606   00c9   8   84  08  a7  0a  00  10  18  00
  37353   12211.176   00c9   8   84  08  b1  0d  00  10  18  00
  37379   12223.778   00c9   8   84  08  bb  00  00  10  18  00
  37427   12236.096   00c9   8   84  08  bc  07  00  10  18  00
  37459   12248.869   00c9   8   84  08  bc  0a  00  10  18  00
  37509   12261.049   00c9   8   84  08  b8  0d  00  10  18  00
  37540   12274.166   00c9   8   84  08  b2  00  00  10  18  00
  37587   12286.045   00c9   8   84  08  b0  07  00  10  18  00
  37613   12298.608   00c9   8   84  08  af  0a  00  10  18  00
  37668   12311.194   00c9   8   84  08  b4  0d  00  10  18  00
  37693   12323.327   00c9   8   84  08  bc  00  00  10  18  00
  37744   12336.093   00c9   8   84  08  b8  07  00  10  18  00
  37772   12348.381   00c9   8   84  08  b3  0a  00  10  18  00
  37822   12360.888   00c9   8   84  08  b6  0d  00  10  18  00
  37851   12373.830   00c9   8   84  08  bc  00  00  10  18  00
  37899   12386.061   00c9   8   84  08  bb  07  00  10  18  00
  37925   12398.611   00c9   8   84  08  b9  0a  00  10  18  00
  37976   12411.472   00c9   8   84  08  b6  0d  00  10  18  00
  38002   12424.091   00c9   8   84  08  ba  00  00  10  18  00
  38049   12436.396   00c9   8   84  08  bf  07  00  10  18  00
  38073   12448.390   00c9   8   84  08  bf  0a  00  10  18  00
  38125   12461.634   00c9   8   84  08  bd  0d  00  10  18  00
  38152   12473.802   00c9   8   84  08  b9  00  00  10  18  00
  38200   12486.036   00c9   8   84  08  b5  07  00  10  18  00
  38226   12498.610   00c9   8   84  08  be  0a  00  10  18  00
  38285   12511.341   00c9   8   84  08  c7  0d  00  10  18  00
  38310   12523.284   00c9   8   84  08  cc  00  00  10  18  00
  38359   12536.039   00c9   8   84  08  c6  07  00  10  18  00
  38384   12548.326   00c9   8   84  08  c4  0a  00  10  18  00
  38439   12561.141   00c9   8   84  08  be  0d  00  10  18  00
  38466   12573.738   00c9   8   84  08  be  00  00  10  18  00
  38514   12586.042   00c9   8   84  08  b9  07  00  10  18  00
  38540   12599.010   00c9   8   84  08  b3  0a  00  10  18  00
  38589   12611.179   00c9   8   84  08  b7  0d  00  10  18  00
  38616   12624.144   00c9   8   84  08  b7  00  00  10  18  00
  38662   12636.089   00c9   8   84  08  a4  07  00  10  18  00
  38689   12648.870   00c9   8   84  08  97  0a  00  10  18  00
  38736   12660.875   00c9   8   84  08  94  0d  00  10  18  00
  38763   12673.262   00c9   8   84  08  98  00  00  10  18  00
  38812   12686.064   00c9   8   84  08  98  07  00  10  18  00
  38836   12698.607   00c9   8   84  08  95  0a  00  10  18  00
  38887   12711.175   00c9   8   84  08  98  0d  00  10  18  00
  38912   12723.843   00c9   8   84  08  a4  00  00  10  18  00
  38960   12736.050   00c9   8   84  08  a8  07  00  10  18  00
  38988   12748.390   00c9   8   84  08  ac  0a  00  10  18  00
  39041   12761.668   00c9   8   84  08  ae  0d  00  10  18  00
  39069   12773.821   00c9   8   84  08  ab  00  00  10  18  00
  39117   12786.384   00c9   8   84  08  b0  07  00  10  18  00
  39140   12798.615   00c9   8   84  08  bb  0a  00  10  18  00
  39194   12811.539   00c9   8   84  08  c2  0d  00  10  18  00
  39220   12823.812   00c9   8   84  08  be  00  00  10  18  00
  39268   12836.108   00c9   8   84  08  b7  07  00  10  18  00
  39293   12848.332   00c9   8   84  08  af  0a  00  10  18  00
  39344   12861.118   00c9   8   84  08  a5  0d  00  10  18  00
  39371   12873.746   00c9   8   84  08  a7  00  00  10  18  00
  39418   12886.039   00c9   8   84  08  aa  07  00  10  18  00
  39442   12898.601   00c9   8   84  08  aa  0a  00  10  18  00
  39493   12911.157   00c9   8   84  08  a4  0d  00  10  18  00
  39520   12924.139   00c9   8   84  08  a1  00  00  10  18  00
  39566   12936.064   00c9   8   84  08  a5  07  00  10  18  00
  39594   12949.089   00c9   8   84  08  a6  0a  00  10  18  00
  39641   12961.154   00c9   8   84  08  ab  0d  00  10  18  00
  39671   12974.284   00c9   8   84  08  ad  00  00  10  18  00
  39718   12986.097   00c9   8   84  08  a7  07  00  10  18  00
  39743   12998.647   00c9   8   84  08  a6  0a  00  10  18  00
  39805   13011.779   00c9   8   84  08  aa  0d  00  10  18  00
  39832   13023.287   00c9   8   84  08  aa  00  00  10  18  00
  39881   13036.071   00c9   8   84  08  aa  07  00  10  18  00
  39906   13048.392   00c9   8   84  08  b1  0a  00  10  18  00
  39961   13061.031   00c9   8   84  08  ae  0d  00  10  18  00
  39989   13073.837   00c9   8   84  08  a2  00  00  10  18  00
  40038   13086.421   00c9   8   84  08  9e  07  00  10  18  00
  40062   13098.776   00c9   8   84  08  a5  0a  00  10  18  00
  40111   13111.492   00c9   8   84  08  a9  0d  00  10  18  00
  40138   13124.058   00c9   8   84  08  b4  00  00  10  18  00
  40184   13136.422   00c9   8   84  08  c1  07  00  10  18  00
  40210   13148.595   00c9   8   84  08  ca  0a  00  10  18  00
  40260   13161.117   00c9   8   84  08  d1  0d  00  10  18  00
  40285   13173.262   00c9   8   84  08  d1  00  00  10  18  00
  40334   13186.033   00c9   8   84  08  ce  07  00  10  18  00
  40358   13198.594   00c9   8   84  08  c3  0a  00  10  18  00
  40409   13211.148   00c9   8   84  08  ba  0d  00  10  18  00
  40433   13223.327   00c9   8   84  08  ba  00  00  10  18  00
  40483   13236.082   00c9   8   84  08  be  07  00  10  18  00
  40514   13248.320   00c9   8   84  08  bb  0a  00  10  18  00
  40566   13261.022   00c9   8   84  08  af  0d  00  10  18  00
  40598   13274.382   00c9   8   84  08  a5  00  00  10  18  00
  40645   13286.217   00c9   8   84  08  a6  07  00  10  18  00
  40672   13299.003   00c9   8   84  08  ab  0a  00  10  18  00
  40725   13311.169   00c9   8   84  08  b0  0d  00  10  18  00
  40754   13324.290   00c9   8   84  08  b3  00  00  10  18  00
  40802   13336.386   00c9   8   84  08  a8  07  00  10  18  00
  40829   13348.365   00c9   8   84  08  9b  0a  00  10  18  00
  40880   13361.025   00c9   8   84  08  99  0d  00  10  18  00
  40908   13373.838   00c9   8   84  08  a7  00  00  10  18  00
  40956   13386.019   00c9   8   84  08  a9  07  00  10  18  00
  40982   13398.589   00c9   8   84  08  a6  0a  00  10  18  00
  41032   13411.154   00c9   8   84  08  a6  0d  00  10  18  00
  41059   13424.063   00c9   8   84  08  a5  00  00  10  18  00
  41105   13436.440   00c9   8   84  08  ab  07  00  10  18  00
  41131   13448.608   00c9   8   84  08  b0  0a  00  10  18  00
  41181   13461.432   00c9   8   84  08  b1  0d  00  10  18  00
  41208   13473.828   00c9   8   84  08  ab  00  00  10  18  00
  41258   13486.555   00c9   8   84  08  a5  07  00  10  18  00
  41282   13498.594   00c9   8   84  08  98  0a  00  10  18  00
  41341   13511.289   00c9   8   84  08  87  0d  00  10  18  00
  41368   13523.316   00c9   8   84  08  7c  00  00  10  18  00
  41417   13536.054   00c9   8   84  08  78  07  00  10  18  00
  41442   13548.345   00c9   8   84  08  79  0a  00  10  18  00
  41496   13561.127   00c9   8   84  08  82  0d  00  10  18  00
  41525   13574.017   00c9   8   84  08  8c  00  00  10  18  00
  41573   13586.126   00c9   8   84  08  98  07  00  10  18  00
  41599   13599.243   00c9   8   84  08  9e  0a  00  10  18  00
  41647   13611.150   00c9   8   84  08  97  0d  00  10  18  00
  41674   13624.302   00c9   8   84  08  91  00  00  10  18  00
  41720   13636.069   00c9   8   84  08  8e  07  00  10  18  00
  41744   13648.337   00c9   8   84  08  92  0a  00  10  18  00
  41794   13660.879   00c9   8   84  08  9a  0d  00  10  18  00
  41823   13673.833   00c9   8   84  08  9e  00  00  10  18  00
  41871   13686.210   00c9   8   84  08  9f  07  00  10  18  00
  41894   13698.616   00c9   8   84  08  9f  0a  00  10  18  00
  41944   13711.151   00c9   8   84  08  9d  0d  00  10  18  00
  41971   13724.089   00c9   8   84  08  a1  00  00  10  18  00
  42018   13736.454   00c9   8   84  08  a6  07  00  10  18  00
  42047   13748.599   00c9   8   84  08  ad  0a  00  10  18  00
  42098   13761.447   00c9   8   84  08  b0  0d  00  10  18  00
  42124   13773.392   00c9   8   84  08  a7  00  00  10  18  00
  42175   13786.504   00c9   8   84  08  a0  07  00  10  18  00
  42197   13798.584   00c9   8   84  08  9b  0a  00  10  18  00
  42252   13811.214   00c9   8   84  08  95  0d  00  10  18  00
  42276   13823.331   00c9   8   84  08  93  00  00  10  18  00
  42326   13836.135   00c9   8   84  08  8d  07  00  10  18  00
  42351   13848.358   00c9   8   84  08  8e  0a  00  10  18  00
  42401   13861.097   00c9   8   84  08  93  0d  00  10  18  00
  42430   13873.975   00c9   8   84  08  9d  00  00  10  18  00
  42477   13886.128   00c9   8   84  08  a6  07  00  10  18  00
  42503   13899.027   00c9   8   84  08  a9  0a  00  10  18  00
  42552   13911.125   00c9   8   84  08  a3  0d  00  10  18  00
  42579   13924.275   00c9   8   84  08  9f  00  00  10  18  00
  42625   13936.023   00c9   8   84  08  98  07  00  10  18  00
  42650   13948.572   00c9   8   84  08  92  0a  00  10  18  00
  42700   13961.003   00c9   8   84  08  92  0d  00  10  18  00
  42728   13973.807   00c9   8   84  08  93  00  00  10  18  00
  42776   13986.000   00c9   8   84  08  94  07  00  10  18  00
  42803   13998.561   00c9   8   84  08  95  0a  00  10  18  00
  42864   14011.559   00c9   8   84  08  99  0d  00  10  18  00
  42895   14024.046   00c9   8   84  08  9f  00  00  10  18  00
  42941   14036.547   00c9   8   84  08  a2  07  00  10  18  00
  42967   14048.571   00c9   8   84  08  a6  0a  00  10  18  00
  43022   14061.794   00c9   8   84  08  a6  0d  00  10  18  00
  43048   14073.833   00c9   8   84  08  9b  00  00  10  18  00
  43098   14086.543   00c9   8   84  08  96  07  00  10  18  00
  43120   14098.558   00c9   8   84  08  9a  0a  00  10  18  00
  43171   14111.124   00c9   8   84  08  9b  0d  00  10  18  00
  43195   14123.344   00c9   8   84  08  95  00  00  10  18  00
  43244   14136.005   00c9   8   84  08  8d  07  00  10  18  00
  43269   14148.337   00c9   8   84  08  85  0a  00  10  18  00
  43319   14161.107   00c9   8   84  08  8d  0d  00  10  18  00
  43348   14173.976   00c9   8   84  08  98  00  00  10  18  00
  43395   14186.122   00c9   8   84  08  98  07  00  10  18  00
  43421   14199.246   00c9   8   84  08  9b  0a  00  10  18  00
  43469   14211.125   00c9   8   84  08  a3  0d  00  10  18  00
  43497   14224.485   00c9   8   84  08  a9  00  00  10  18  00
  43543   14236.046   00c9   8   84  08  a1  07  00  10  18  00
  43571   14248.360   00c9   8   84  08  95  0a  00  10  18  00
  43623   14261.000   00c9   8   84  08  93  0d  00  10  18  00
  43653   14273.795   00c9   8   84  08  93  00  00  10  18  00
  43700   14285.990   00c9   8   84  08  8b  07  00  10  18  00
  43726   14298.566   00c9   8   84  08  88  0a  00  10  18  00
  43780   14311.125   00c9   8   84  08  8c  0d  00  10  18  00
  43808   14324.036   00c9   8   84  08  95  00  00  10  18  00
  43857   14336.587   00c9   8   84  08  97  07  00  10  18  00
  43885   14348.556   00c9   8   84  08  8d  0a  00  10  18  00
  43936   14361.514   00c9   8   84  08  83  0d  00  10  18  00
  43966   14374.066   00c9   8   84  08  87  00  00  10  18  00
  44015   14386.540   00c9   8   84  08  90  07  00  10  18  00
  44040   14398.563   00c9   8   84  08  8f  0a  00  10  18  00
  44091   14411.127   00c9   8   84  08  86  0d  00  10  18  00
  44118   14424.039   00c9   8   84  08  82  00  00  10  18  00
  44164   14436.059   00c9   8   84  08  83  07  00  10  18  00
  44190   14448.560   00c9   8   84  08  85  0a  00  10  18  00
  44239   14461.095   00c9   8   84  08  91  0d  00  10  18  00
  44269   14474.364   00c9   8   84  08  98  00  00  10  18  00
  44316   14486.148   00c9   8   84  08  99  07  00  10  18  00
  44345   14499.278   00c9   8   84  08  99  0a  00  10  18  00
  44401   14511.277   00c9   8   84  08  99  0d  00  10  18  00
  44431   14524.501   00c9   8   84  08  9f  00  00  10  18  00
  44476   14536.025   00c9   8   84  08  a3  07  00  10  18  00
  44501   14548.564   00c9   8   84  08  a3  0a  00  10  18  00
  44555   14561.027   00c9   8   84  08  a3  0d  00  10  18  00
  44583   14573.833   00c9   8   84  08  a6  00  00  10  18  00
  44632   14586.169   00c9   8   84  08  a1  07  00  10  18  00
  44655   14598.574   00c9   8   84  08  9e  0a  00  10  18  00
  44705   14611.124   00c9   8   84  08  a1  0d  00  10  18  00
  44732   14624.027   00c9   8   84  08  a3  00  00  10  18  00
  44778   14636.529   00c9   8   84  08  a4  07  00  10  18  00
  44804   14648.560   00c9   8   84  08  a7  0a  00  10  18  00
  44854   14661.430   00c9   8   84  08  a9  0d  00  10  18  00
  44881   14673.829   00c9   8   84  08  ae  00  00  10  18  00
  44930   14686.552   00c9   8   84  08  b2  07  00  10  18  00
  44953   14698.597   00c9   8   84  08  af  0a  00  10  18  00
  45004   14711.127   00c9   8   84  08  aa  0d  00  10  18  00
  45031   14724.036   00c9   8   84  08  a3  00  00  10  18  00
  45078   14736.003   00c9   8   84  08  9e  07  00  10  18  00
  45106   14748.362   00c9   8   84  08  9d  0a  00  10  18  00
  45157   14761.098   00c9   8   84  08  9d  0d  00  10  18  00
  45187   14773.974   00c9   8   84  08  9b  00  00  10  18  00
  45234   14786.161   00c9   8   84  08  9c  07  00  10  18  00
  45261   14799.300   00c9   8   84  08  9a  0a  00  10  18  00
  45313   14811.215   00c9   8   84  08  91  0d  00  10  18  00
  45341   14824.453   00c9   8   84  08  8d  00  00  10  18  00
  45387   14836.210   00c9   8   84  08  92  07  00  10  18  00
  45412   14848.547   00c9   8   84  08  96  0a  00  10  18  00
  45462   14860.978   00c9   8   84  08  8f  0d  00  10  18  00
  45490   14873.848   00c9   8   84  08  84  00  00  10  18  00
  45538   14886.165   00c9   8   84  08  84  07  00  10  18  00
