00401571   0401   8   FE  01  04  02  01  01  8E  01
00401578   024E   8   FF  FF  1C  00  00  00  FF  FF
00401579   0403   8   FE  03  3F  FF  FF  FF  FF  FF
00401580   02C6   8   41  23  05  13  00  00  00  01
00401581   02FF   8   00  00  00  00  FF  FF  FF  FF
00401583   033B   8   00  FF  01  EB  00  00  E5  00
00401588   0230   8   00  6A  36  08  00  00  00  00
00401589   0252   8   03  00  0F  F3  80  00  80  80
00401590   0318   8   00  00  00  00  00  00  FF  00
00401593   034E   8   7F  7F  7F  7F  7F  0F  00  7F
00401594   043C   8   FE  3C  04  02  00  01  00  01
00401596   02D3   8   07  00  00  00  00  00  00  00
00401598   033C   8   00  00  03  E8  00  00  00  00
00401599   02C3   8   04  04  00  01  00  00  FF  00
00401600   03C9   4   7B  44  00  00  00  00  00  00
00401601   03F4   8   11  0F  FF  20  02  00  00  84
00401603   033A   8   1A  04  2F  7F  7F  7F  7F  7F
00401606   0273   8   00  00  00  00  00  00  00  00
00401608   030E   8   00  E4  1C  FE  07  FF  07  FF
00401609   02C2   4   1A  97  7D  00  00  00  00  00
00401609   0339   2   F0  F0  00  00  00  00  00  00
00401616   02D4   8   00  00  00  00  00  00  00  00
00401618   01C0   6   00  00  00  00  00  00  00  00
00401619   0122   4   00  01  00  00  00  00  00  00
00401620   0232   8   FF  FF  00  FF  00  00  00  01
00401621   03F2   8   5D  02  B2  01  09  20  10  06
00401628   0248   8   00  00  FF  FF  FF  03  FF  FF
00401629   030A   8   04  80  FF  FF  FF  7E  02  00
00401630   039E   8   00  00  00  00  00  00  00  00
00401638   01C8   4   00  00  00  00  00  00  00  00
00401639   02FA   8   01  01  00  1A  00  FF  00  00
00401640   0340   8   FF  FF  FF  00  00  18  00  00
00401648   030A   8   04  80  FF  FF  FF  7E  02  31
00401649   03B4   8   35  80  00  00  00  00  04  00
00401650   03D2   4   FF  FF  FF  00  00  00  00  00
00401651   03EB   8   43  E8  10  04  0F  A0  09  C4
00401658   02AD   8   00  00  00  00  00  00  00  00
00401659   0322   8   FF  FF  00  00  3F  FF  FF  FF
00401660   03EA   8   41  57  2C  08  B5  34  41  A4
00401668   0332   8   18  FF  FF  41  FF  08  FF  00
00401669   03D2   4   09  6B  74  00  00  00  00  00
00401670   03E9   8   01  58  66  00  25  25  00  00
00401671   0401   8   FD  03  3F  FF  FF  FF  FF  FF
00401678   024E   8   FF  FF  1C  00  00  00  FF  FF
00401679   02FF   8   00  00  00  00  FF  FF  FF  FF
00401680   03E8   8   49  31  A2  53  00  0E  51  5C
00401684   033B   8   00  FF  01  EB  00  00  E4  00
00401688   0252   8   03  00  7F  FF  FF  FF  FF  FF
00401689   0318   8   00  00  00  00  00  00  FF  00
00401690   0340   8   FF  FF  FF  00  00  18  00  00
00401691   03E4   8   81  DF  88  46  0E  00  00  00
00401695   03CD   8   00  00  00  00  00  00  00  00
00401698   02C3   8   04  04  00  01  00  00  FF  00
00401699   03DE   8   36  00  00  00  03  00  D0  01
00401700   03E3   8   31  04  10  08  00  00  00  00
00401708   02F8   8   00  FF  F0  00  00  00  28  00
00401709   03D2   4   09  6B  74  00  00  00  00  00
00401718   0122   4   00  01  00  00  00  00  00  00
00401719   032A   8   00  00  00  00  00  00  D8  AB
00401720   03B2   8   03  00  A8  00  F0  FF  FF  00
00401728   02C5   8   01  EE  EE  1C  05  00  00  00
00401729   03A2   6   00  00  01  01  FF  00  00  00
00401738   022D   8   FF  06  00  00  00  00  00  00
00401739   0358   4   FF  01  FF  00  00  00  00  00
00401748   0381   8   89  8D  00  08  00  04  00  00
00401749   0395   8   03  FF  07  FF  00  00  30  00
00401758   0322   8   FF  FF  00  00  3F  FF  FF  FF
00401759   038A   8   01  00  00  00  00  00  00  00
00401768   0403   8   FD  3C  3F  FF  FF  FF  FF  FF
00401769   030A   8   04  80  FF  FF  FF  7E  02  31
00401770   03D8   8   FD  00  64  FA  58  23  00  00
00401778   024E   8   FF  FF  1C  00  00  00  FF  FF
00401779   02FF   8   00  00  00  00  FF  FF  FF  FF
00401783   033B   8   00  FF  01  EB  00  00  E5  00
00401788   0252   8   03  00  7F  FF  FF  FF  FF  FF
00401789   0318   8   00  00  00  00  00  00  FF  00
00401798   02C3   8   04  04  00  01  00  00  FF  00
00401808   02C2   4   1A  97  7C  00  00  00  00  00
00401813   01C0   6   00  00  00  00  00  00  00  00
00401818   0122   4   00  01  00  00  00  00  00  00
00401819   0232   8   FF  FF  00  FF  00  00  00  01
00401848   044A   8   01  00  00  00  00  00  00  20
00401853   043C   8   FD  3F  3F  FF  FF  FF  FF  FF
00401858   0322   8   FF  FF  00  00  3F  FF  FF  FF
00401859   044C   8   7D  00  00  00  00  00  FF  FF
00401868   03B3   8   01  30  72  01  E4  A3  07  10
00401878   024E   8   FF  FF  1C  00  00  00  FF  FF
00401879   02FF   8   00  00  00  00  FF  FF  FF  FF
00401883   033B   8   00  FF  01  EB  00  00  E4  00
00401888   0252   8   03  00  10  0B  FF  FF  FF  FF
00401889   0318   8   00  00  00  00  00  00  FF  00
00401898   02C3   8   04  04  00  01  00  00  FF  00
00401918   0122   4   00  01  00  00  00  00  00  00
00401958   0322   8   FF  FF  00  00  3F  FF  FF  FF
00401978   024E   8   FF  FF  1C  00  00  00  FF  FF
00401979   02FF   8   00  00  00  00  FF  FF  FF  FF
00401983   033B   8   00  FF  01  EB  00  00  E5  00
00401988   0252   8   03  00  10  09  FF  FF  FF  FF
00401989   0318   8   00  00  00  00  00  00  FF  00
00401998   02C3   8   04  04  00  01  00  00  FF  00
00402008   02C2   4   1A  97  7C  00  00  00  00  00
00402013   01C0   6   00  00  00  00  00  00  00  00
00402018   0122   4   00  01  00  00  00  00  00  00
00402019   0232   8   FF  FF  00  FF  00  00  00  01
00402050   0401   8   FD  03  3F  FF  FF  FF  FF  FF
00402058   0322   8   FF  FF  00  00  3F  FF  FF  FF
00402078   024E   8   FF  FF  1C  00  00  00  FF  FF
00402079   02FF   8   00  00  00  00  FF  FF  FF  FF
00402083   033B   8   00  FF  01  EB  00  00  E4  00
00402088   0230   8   00  6A  36  08  00  00  00  00
00402089   0252   8   03  00  0F  F7  FF  FF  FF  FF
00402090   0318   8   00  00  00  00  00  00  FF  00
00402104   02C3   8   04  04  00  01  00  00  FF  00
00402108   0339   2   F0  F0  00  00  00  00  00  00
00402118   0122   4   00  01  00  00  00  00  00  00
00402128   0248   8   00  00  FF  FF  FF  03  FF  FF
00402138   01C8   4   00  00  00  00  00  00  00  00
00402139   02FA   8   01  01  00  1A  00  FF  00  00
00402140   0340   8   FF  FF  FF  00  00  98  00  00
00402148   0403   8   FD  3C  3F  FF  FF  FF  FF  FF
00402158   0322   8   FF  FF  00  00  3F  FF  FF  FF
00402168   0332   8   18  FF  FF  41  FF  08  FF  00
00402178   024E   8   FF  FF  1C  00  00  00  FF  FF
00402179   02FF   8   00  00  00  00  FF  FF  FF  FF
00402183   033B   8   00  FF  01  EB  00  00  E5  00
00402188   0252   8   03  00  0F  E3  FF  FF  FF  FF
00402189   0318   8   00  00  00  00  00  00  FF  00
00402198   02C3   8   04  04  00  01  00  00  FF  00
00402208   02C2   4   1A  97  7C  00  00  00  00  00
00402213   01C0   6   00  00  00  00  00  00  00  00
00402218   0122   4   00  01  00  00  00  00  00  00
00402219   0232   8   FF  FF  00  FF  00  00  00  01
00402233   043C   8   FD  3F  3F  FF  FF  FF  FF  FF
00402248   0395   8   03  FF  07  FF  00  00  30  00
00402258   0322   8   FF  FF  00  00  3F  FF  FF  FF
00402278   024E   8   FF  FF  1C  00  00  00  FF  FF
00402279   02FF   8   00  00  00  00  FF  FF  FF  FF
00402283   033B   8   00  FF  01  EB  00  00  E4  00
00402288   0252   8   03  00  0F  E7  FF  FF  FF  FF
00402289   0318   8   00  00  00  00  00  00  FF  00
00402298   02C3   8   04  04  00  01  00  00  FF  00
00402318   0122   4   00  01  00  00  00  00  00  00
00402358   0322   8   FF  FF  00  00  3F  FF  FF  FF
00402378   024E   8   FF  FF  1C  00  00  00  FF  FF
00402379   02FF   8   00  00  00  00  FF  FF  FF  FF
00402383   033B   8   00  FF  01  EB  00  00  E5  00
00402388   0252   8   03  00  0F  EB  FF  FF  FF  FF
00402389   0318   8   00  00  00  00  00  00  FF  00
00402398   02C3   8   04  04  00  01  00  00  FF  00
00402408   02C2   4   1A  97  7C  00  00  00  00  00
00402413   01C0   6   00  00  00  00  00  00  00  00
00402418   0122   4   00  01  00  00  00  00  00  00
00402419   0232   8   FF  FF  00  FF  00  00  00  01
00402430   0401   8   FD  03  04  0F  01  00  00  01
00402458   0322   8   FF  FF  00  00  3F  FF  FF  FF
00402478   024E   8   FF  FF  1C  00  00  00  FF  FF
00402479   02FF   8   00  00  00  00  FF  FF  FF  FF
00402483   033B   8   00  FF  01  EB  00  00  E4  00
00402488   0252   8   03  00  0F  E9  FF  FF  FF  FF
00402489   0318   8   00  00  00  00  00  00  FF  00
00402498   02C3   8   04  04  00  01  00  00  FF  00
00402518   0122   4   00  01  00  00  00  00  00  00
00402528   0403   8   FD  3C  04  0F  01  00  00  01
00402558   0322   8   FF  FF  00  00  3F  FF  FF  FF
00402578   024E   8   FF  FF  1C  00  00  00  FF  FF
00402579   02FF   8   00  00  00  00  FF  FF  FF  FF
00402583   033B   8   00  FF  01  EB  00  00  E5  00
00402588   0230   8   00  6A  36  08  00  00  00  00
00402589   0252   8   03  00  0F  E6  FF  FF  FF  FF
00402590   0318   8   00  00  00  00  00  00  FF  00
00402593   034E   8   7F  7F  7F  7F  7F  0F  00  7F
00402595   02D3   8   07  00  00  00  00  00  00  00
00402598   033C   8   00  00  03  E8  00  00  00  00
00402599   02C3   8   04  04  00  01  00  00  FF  00
00402600   03C9   4   7B  44  00  00  00  00  00  00
00402603   033A   8   1A  04  2F  7F  7F  7F  7F  7F
00402605   0273   8   00  00  00  00  00  00  00  00
00402608   030E   8   00  E4  1C  FE  07  FF  07  FF
00402609   02C2   4   1A  97  7C  00  00  00  00  00
00402609   0339   2   F0  F0  00  00  00  00  00  00
00402613   043C   8   FD  3F  04  0F  01  00  00  01
00402614   01C0   6   00  00  00  00  00  00  00  00
00402615   02D4   8   00  00  00  00  00  00  00  00
00402618   0122   4   00  01  00  00  00  00  00  00
00402619   0232   8   FF  FF  00  FF  00  00  00  01
00402628   0248   8   00  00  FF  FF  FF  03  FF  FF
00402629   039E   8   00  00  00  00  00  00  00  00
00402638   01C8   4   00  00  00  00  00  00  00  00
00402639   02FA   8   01  01  00  1A  00  FF  00  00
00402658   02AD   8   00  00  00  00  00  00  00  00
00402659   0322   8   FF  FF  00  00  3F  FF  FF  FF
00402668   0332   8   18  FF  FF  41  FF  08  FF  00
00402678   024E   8   FF  FF  1C  00  00  00  FF  FF
00402679   02FF   8   00  00  00  00  FF  FF  FF  FF
00402683   033B   8   00  FF  01  EB  00  00  E4  00
00402688   0252   8   03  00  0F  E6  FF  FF  FF  FF
00402689   0318   8   00  00  00  00  00  00  FF  00
00402690   0340   8   FF  FF  FF  00  00  98  00  00
00402698   02C3   8   04  04  00  01  00  00  FF  00
00402699   03DE   8   36  00  00  00  03  00  D0  01
00402708   02F8   8   00  FF  F0  00  00  00  28  00
00402709   03D2   4   09  6B  74  00  00  00  00  00
00402718   0122   4   00  01  00  00  00  00  00  00
00402719   032A   8   00  00  00  00  00  00  D8  AB
00402720   03B2   8   03  00  A8  00  F0  FF  FF  00
00402728   03A2   6   00  00  01  01  FF  00  00  00
00402738   022D   8   FF  06  00  00  00  00  00  00
00402739   0358   4   FF  01  FF  00  00  00  00  00
00402748   0395   8   03  FF  07  FF  00  00  30  00
00402758   0322   8   FF  FF  00  00  3F  FF  FF  FF
00402768   030A   8   04  80  FF  FF  FF  7E  02  31
00402778   024E   8   FF  FF  1C  00  00  00  FF  FF
00402779   02FF   8   00  00  00  00  FF  FF  FF  FF
00402783   033B   8   00  FF  01  EB  00  00  E5  00
00402788   0252   8   03  00  0F  E8  FF  FF  FF  FF
00402789   0318   8   00  00  00  00  00  00  FF  00
00402798   02C3   8   04  04  00  01  00  00  FF  00
00402808   02C2   4   1A  97  7C  00  00  00  00  00
00402810   0401   8   FD  03  04  0F  01  00  00  01
00402813   01C0   6   00  00  00  00  00  00  00  00
00402818   0122   4   00  01  00  00  00  00  00  00
00402819   0232   8   FF  FF  00  FF  00  00  00  01
00402858   0322   8   FF  FF  00  00  3F  FF  FF  FF
00402878   024E   8   FF  FF  1C  00  00  00  FF  FF
00402879   02FF   8   00  00  00  00  FF  FF  FF  FF
00402883   033B   8   00  FF  01  EB  00  00  E4  00
00402888   0252   8   03  00  0F  EF  FF  FF  FF  FF
00402889   0318   8   00  00  00  00  00  00  FF  00
00402898   02C3   8   04  04  00  01  00  00  FF  00
00402908   0403   8   FD  3C  04  0F  01  00  00  01
00402918   0122   4   00  01  00  00  00  00  00  00
00402958   0322   8   FF  FF  00  00  3F  FF  FF  FF
00402978   024E   8   FF  FF  1C  00  00  00  FF  FF
00402979   02FF   8   00  00  00  00  FF  FF  FF  FF
00402983   033B   8   00  FF  01  EB  00  00  E5  00
00402988   0252   8   03  00  0F  F7  FF  FF  FF  FF
00402989   0318   8   00  00  00  00  00  00  FF  00
00402993   043C   8   FD  3F  04  0F  01  00  00  01
00402998   02C3   8   04  04  00  01  00  00  FF  00
00403008   02C2   4   1A  97  7C  00  00  00  00  00
00403013   01C0   6   00  00  00  00  00  00  00  00
00403018   0122   4   00  01  00  00  00  00  00  00
00403019   0232   8   FF  FF  00  FF  00  00  00  01
00403058   0322   8   FF  FF  00  00  3F  FF  FF  FF
00403078   024E   8   FF  FF  1C  00  00  00  FF  FF
00403079   02FF   8   00  00  00  00  FF  FF  FF  FF
00403083   033B   8   00  FF  01  EB  00  00  E4  00
00403088   0230   8   00  6A  36  08  00  00  00  00
00403089   0252   8   03  00  0F  F7  FF  FF  FF  FF
00403090   0318   8   00  00  00  00  00  00  FF  00
00403098   02C3   8   04  04  00  01  00  00  FF  00
00403116   0339   2   F0  F0  00  00  00  00  00  00
00403118   0122   4   00  01  00  00  00  00  00  00
00403128   0248   8   00  00  FF  FF  FF  03  FF  FF
00403138   01C8   4   00  00  00  00  00  00  00  00
00403139   02FA   8   01  01  00  1A  00  FF  00  00
00403158   0322   8   FF  FF  00  00  3F  FF  FF  FF
00403168   0332   8   18  FF  FF  41  FF  08  FF  00
00403178   024E   8   FF  FF  1C  00  00  00  FF  FF
00403179   02FF   8   00  00  00  00  FF  FF  FF  FF
00403183   033B   8   00  FF  01  EB  00  00  E4  00
00403188   0252   8   03  00  0F  F7  FF  FF  FF  FF
00403189   0318   8   00  00  00  00  00  00  FF  00
00403190   0401   8   FD  03  04  0F  01  00  00  01
00403198   02C3   8   04  04  00  01  00  00  FF  00
00403208   02C2   4   1A  97  7C  00  00  00  00  00
00403213   01C0   6   00  00  00  00  00  00  00  00
00403218   0122   4   00  01  00  00  00  00  00  00
00403219   0232   8   FF  FF  00  FF  00  00  00  01
00403248   0395   8   03  FF  07  FF  00  00  30  00
00403258   0322   8   FF  FF  00  00  3F  FF  FF  FF
00403278   024E   8   FF  FF  1C  00  00  00  FF  FF
00403279   02FF   8   00  00  00  00  FF  FF  FF  FF
00403283   033B   8   00  FF  01  EB  00  00  E4  00
00403288   0403   8   FD  3C  04  0F  01  00  00  01
00403289   0252   8   03  00  0F  F7  FF  FF  FF  FF
00403290   0318   8   00  00  00  00  00  00  FF  00
00403298   02C3   8   04  04  00  01  00  00  FF  00
00403318   0122   4   00  01  00  00  00  00  00  00
00403358   0322   8   FF  FF  00  00  3F  FF  FF  FF
00403373   043C   8   FD  3F  04  0F  01  00  00  01
00403378   024E   8   FF  FF  1C  00  00  00  FF  FF
00403379   02FF   8   00  00  00  00  FF  FF  FF  FF
00403383   033B   8   00  FF  01  EB  00  00  E4  00
00403388   0252   8   03  00  0F  F7  FF  FF  FF  FF
00403389   0318   8   00  00  00  00  00  00  FF  00
00403398   02C3   8   04  04  00  01  00  00  FF  00
00403408   02C2   4   1A  97  7C  00  00  00  00  00
00403413   01C0   6   00  00  00  00  00  00  00  00
00403418   0122   4   00  01  00  00  00  00  00  00
00403419   0232   8   FF  FF  00  FF  00  00  00  01
00403458   0322   8   FF  FF  00  00  3F  FF  FF  FF
00403478   024E   8   FF  FF  1C  00  00  00  FF  FF
00403479   02FF   8   00  00  00  00  FF  FF  FF  FF
00403483   033B   8   00  FF  01  EB  00  00  E4  00
00403488   0252   8   03  00  0F  F7  FF  FF  FF  FF
00403489   0318   8   00  00  00  00  00  00  FF  00
00403498   02C3   8   04  04  00  01  00  00  FF  00
00403518   0122   4   00  01  00  00  00  00  00  00
00403558   0322   8   FF  FF  00  00  3F  FF  FF  FF
00403570   0401   8   FD  03  04  0F  01  00  00  01
00403578   024E   8   FF  FF  1C  00  00  00  FF  FF
00403579   02C6   8   41  23  05  13  00  00  00  01
00403580   02FF   8   00  00  00  00  FF  FF  FF  FF
00403583   033B   8   00  FF  01  EB  00  00  E4  00
00403588   0230   8   00  6A  36  08  00  00  00  00
00403589   0252   8   03  00  0F  F7  FF  FF  FF  FF
00403590   0318   8   00  00  00  00  00  00  FF  00
00403593   034E   8   7F  7F  7F  7F  7F  0F  00  7F
00403595   02D3   8   07  00  00  00  00  00  00  00
00403598   033C   8   00  00  03  E8  00  00  00  00
00403599   02C3   8   04  04  00  01  00  00  FF  00
00403600   03C9   4   7B  44  00  00  00  00  00  00
00403601   03F4   8   11  0F  FF  20  02  00  00  84
00403603   033A   8   1A  04  2F  7F  7F  7F  7F  7F
00403605   0273   8   00  00  00  00  00  00  00  00
00403608   030E   8   00  E4  1C  FE  07  FF  07  FF
00403609   02C2   4   1A  97  7C  00  00  00  00  00
00403609   0339   2   F0  F0  00  00  00  00  00  00
00403613   01C0   6   00  00  00  00  00  00  00  00
00403615   02D4   8   00  00  00  00  00  00  00  00
00403618   0122   4   00  01  00  00  00  00  00  00
00403619   0232   8   FF  FF  00  FF  00  00  00  01
00403620   03F2   8   5D  02  B2  01  09  20  10  06
00403628   0248   8   00  00  FF  FF  FF  03  FF  FF
00403629   039E   8   00  00  00  00  00  00  00  00
00403638   01C8   4   00  00  00  00  00  00  00  00
00403639   02FA   8   01  01  00  1A  00  FF  00  00
00403648   03B4   8   35  80  00  00  00  00  04  00
00403649   03EB   8   43  E8  10  04  0F  A0  09  C4
00403658   02AD   8   00  00  00  00  00  00  00  00
00403659   0322   8   FF  FF  00  00  3F  FF  FF  FF
00403660   03EA   8   41  57  2C  08  B5  34  41  A4
00403668   0403   8   FD  3C  04  0F  01  00  00  01
00403669   0332   8   18  FF  FF  41  FF  08  FF  00
00403670   03E9   8   01  58  66  00  25  25  00  00
00403678   024E   8   FF  FF  1C  00  00  00  FF  FF
00403679   02FF   8   00  00  00  00  FF  FF  FF  FF
00403680   03E8   8   49  31  A2  53  00  0E  51  5C
00403684   033B   8   00  FF  01  EB  00  00  E4  00
00403688   0252   8   03  00  0F  F7  FF  FF  FF  FF
00403689   0318   8   00  00  00  00  00  00  FF  00
00403690   0340   8   FF  FF  FF  00  00  98  00  00
00403691   03E4   8   81  DF  88  46  0E  00  00  00
00403698   02C3   8   04  04  00  01  00  00  FF  00
00403699   03DE   8   36  00  00  00  03  00  D0  01
00403700   03E3   8   31  04  10  08  00  00  00  00
00403708   02F8   8   00  FF  F0  00  00  00  28  00
00403709   03D2   4   09  6B  74  00  00  00  00  00
00403718   0122   4   00  01  00  00  00  00  00  00
00403719   032A   8   00  00  00  00  00  00  D8  AB
00403720   03B2   8   03  00  A8  00  F0  FF  FF  00
00403728   02C5   8   01  EE  EE  1C  05  00  00  00
00403729   03A2   6   00  00  01  01  FF  00  00  00
00403735   03CD   8   00  00  00  00  00  00  00  00
00403738   022D   8   FF  06  00  00  00  00  00  00
00403739   0358   4   FF  01  FF  00  00  00  00  00
00403748   0381   8   89  8D  00  08  00  04  00  00
00403749   0395   8   03  FF  07  FF  00  00  30  00
00403753   043C   8   FD  3F  04  0F  01  00  00  01
00403758   0322   8   FF  FF  00  00  3F  FF  FF  FF
00403759   038A   8   01  00  00  00  00  00  00  00
00403768   030A   8   04  80  FF  FF  FF  7E  02  31
00403769   03D8   8   FD  00  64  FA  58  23  00  00
00403778   024E   8   FF  FF  1C  00  00  00  FF  FF
00403779   02FF   8   00  00  00  00  FF  FF  FF  FF
00403783   033B   8   00  FF  01  EB  00  00  E4  00
00403788   0252   8   03  00  0F  F7  FF  FF  FF  FF
00403789   0318   8   00  00  00  00  00  00  FF  00
00403798   02C3   8   04  04  00  01  00  00  FF  00
00403808   02C2   4   1A  97  7C  00  00  00  00  00
00403813   01C0   6   00  00  00  00  00  00  00  00
00403818   0122   4   00  01  00  00  00  00  00  00
00403819   0232   8   FF  FF  00  FF  00  00  00  01
00403848   044A   8   01  00  00  00  00  00  00  20
00403858   0322   8   FF  FF  00  00  3F  FF  FF  FF
00403859   044C   8   7D  00  00  00  00  00  FF  FF
00403868   03B3   8   01  30  72  01  E4  A3  07  10
00403878   024E   8   FF  FF  1C  00  00  00  FF  FF
00403879   02FF   8   00  00  00  00  FF  FF  FF  FF
00403883   033B   8   00  FF  01  EB  00  00  E4  00
00403888   0252   8   03  00  0F  F7  FF  FF  FF  FF
00403889   0318   8   00  00  00  00  00  00  FF  00
00403898   02C3   8   04  04  00  01  00  00  FF  00
00403918   0122   4   00  01  00  00  00  00  00  00
00403950   0401   8   FD  03  04  0F  01  00  00  01
00403958   0322   8   FF  FF  00  00  3F  FF  FF  FF
00403978   024E   8   FF  FF  1C  00  00  00  FF  FF
00403979   02FF   8   00  00  00  00  FF  FF  FF  FF
00403983   033B   8   00  FF  01  EB  00  00  E4  00
00403988   0252   8   03  00  0F  F7  FF  FF  FF  FF
00403989   0318   8   00  00  00  00  00  00  FF  00
00403998   02C3   8   04  04  00  01  00  00  FF  00
00404008   02C2   4   1A  97  7C  00  00  00  00  00
00404013   01C0   6   00  00  00  00  00  00  00  00
00404018   0122   4   00  01  00  00  00  00  00  00
00404019   0232   8   FF  FF  00  FF  00  00  00  01
00404048   0403   8   FD  3C  04  0F  01  00  00  01
00404058   0322   8   FF  FF  00  00  3F  FF  FF  FF
00404078   024E   8   FF  FF  1C  00  00  00  FF  FF
00404079   02FF   8   00  00  00  00  FF  FF  FF  FF
00404083   033B   8   00  FF  01  EB  00  00  E4  00
00404088   0230   8   00  6A  36  08  00  00  00  00
00404089   0252   8   03  00  0F  F7  FF  FF  FF  FF
00404090   0318   8   00  00  00  00  00  00  FF  00
00404098   02C3   8   04  04  00  01  00  00  FF  00
00404108   0339   2   F0  F0  00  00  00  00  00  00
00404128   0122   4   00  01  00  00  00  00  00  00
00404128   0248   8   00  00  FF  FF  FF  03  FF  FF
00404133   043C   8   FD  3F  04  0F  01  00  00  01
00404138   01C8   4   00  00  00  00  00  00  00  00
00404139   02FA   8   01  01  00  1A  00  FF  00  00
00404158   0322   8   FF  FF  00  00  3F  FF  FF  FF
00404168   0332   8   18  FF  FF  41  FF  08  FF  00
00404178   024E   8   FF  FF  1C  00  00  00  FF  FF
00404179   02FF   8   00  00  00  00  FF  FF  FF  FF
00404183   033B   8   00  FF  01  EB  00  00  E4  00
00404188   0252   8   03  00  0F  F7  FF  FF  FF  FF
00404189   0318   8   00  00  00  00  00  00  FF  00
00404198   02C3   8   04  04  00  01  00  00  FF  00
00404208   02C2   4   1A  97  7C  00  00  00  00  00
00404214   01C0   6   00  00  00  00  00  00  00  00
00404218   0122   4   00  01  00  00  00  00  00  00
00404219   0232   8   FF  FF  00  FF  00  00  00  01
00404248   0122   4   00  02  00  00  00  00  00  00
00404249   0395   8   03  FF  07  FF  00  00  30  00
00404258   0322   8   FF  FF  00  00  3F  FF  FF  FF
00404278   024E   8   FF  FF  1C  00  00  00  FF  FF
00404279   02FF   8   00  00  00  00  FF  FF  FF  FF
00404283   033B   8   00  FF  01  EB  00  00  E4  00
00404288   0122   4   05  02  00  00  00  00  00  00
00404289   0252   8   03  00  0F  F7  FF  FF  FF  FF
00404290   0318   8   00  00  00  00  00  00  FF  00
00404298   02C3   8   04  04  00  01  00  00  FF  00
00404308   034E   8   7F  7F  7F  7F  00  0F  00  7F
00404318   0122   4   05  02  00  00  00  00  00  00
00404330   0401   8   FD  03  04  0F  01  00  00  01
00404358   0322   8   FF  FF  00  00  3F  FF  FF  FF
00404368   0332   8   18  FF  DF  41  FF  08  FF  00
00404378   024E   8   FF  FF  1C  00  00  00  FF  FF
00404379   02FF   8   00  00  00  00  FF  FF  FF  FF
00404383   033B   8   00  FF  01  EB  00  00  E4  00
00404388   0252   8   03  00  0F  F7  80  00  80  80
00404389   0318   8   00  00  00  00  00  00  FF  00
00404398   02C3   8   04  04  00  01  00  00  FF  00
00404408   02C2   4   1A  97  7A  00  00  00  00  00
00404413   01C0   6   00  00  00  00  00  00  00  00
00404418   0122   4   05  02  00  00  00  00  00  00
00404419   0232   8   FF  FF  00  FF  00  00  00  01
00404428   030A   8   04  80  00  FF  FF  7E  02  31
00404429   0403   8   FD  3C  04  0F  01  00  00  01
00404430   0340   8   FF  FF  FF  00  00  80  00  00
00404435   03E0   8   00  31  43  34  48  4A  58  46
00404448   030A   8   04  80  00  61  FF  7E  02  31
00404449   0340   8   FF  FF  7F  00  00  80  00  00
00404458   0322   8   00  00  00  00  3F  FF  FF  FF
00404459   030E   8   00  E4  1C  15  07  FF  07  FF
00404478   024E   8   FF  FF  00  00  00  00  FF  FF
00404479   02FF   8   00  00  00  00  FF  FF  FF  FF
00404483   033B   8   00  FF  01  EB  00  00  E4  00
00404488   0252   8   03  00  0F  F7  80  00  80  80
00404489   030A   8   04  80  00  61  FF  00  02  31
00404490   0318   8   00  00  00  00  00  00  FF  00
00404498   02C3   8   04  04  00  01  00  00  FF  00
00404512   043C   8   FD  3F  04  0F  01  00  00  01
00404518   0122   4   05  02  00  00  00  00  00  00
00404528   030A   8   04  80  00  61  FC  00  02  31
00404529   0332   8   18  50  D8  40  00  08  FF  00
00404530   0340   8   FF  FF  7D  00  00  80  00  00
00404536   03E0   8   01  47  37  4A  57  33  31  32
00404548   0122   4   15  02  00  00  00  00  00  00
00404558   0322   8   00  00  00  00  37  FF  FF  FF
00404578   024E   8   FF  FF  00  00  00  00  FF  FF
00404579   02FF   8   00  00  00  00  FF  FF  FF  FF
00404583   033B   8   00  FF  01  EB  00  00  E4  00
00404588   0252   8   03  00  0F  F7  80  00  80  80
00404589   0230   8   00  6A  36  08  00  00  00  00
00404590   0318   8   00  00  00  00  00  00  FF  00
00404593   034E   8   7F  7F  7F  7F  00  0F  00  7F
00404595   02D3   8   07  00  00  00  00  00  00  00
00404598   02C3   8   04  04  00  01  00  00  FF  00
00404599   033C   8   00  00  03  E8  00  00  00  00
00404600   03C9   4   7B  44  00  00  00  00  00  00
00404603   033A   8   1A  04  2F  7F  7F  7F  7F  7F
00404605   0273   8   00  00  00  00  00  00  00  00
00404608   02C2   4   1A  97  7A  00  00  00  00  00
00404609   030E   8   00  E4  1C  15  07  FF  07  FF
00404609   0339   2   F0  F0  00  00  00  00  00  00
00404613   01C0   6   00  00  00  00  00  00  00  00
00404616   02D4   8   00  00  00  00  00  00  00  00
00404618   0122   4   15  02  00  00  00  00  00  00
00404619   0232   8   FF  65  00  FF  00  00  00  01
00404628   0248   8   00  00  FF  FF  FF  03  FF  FF
00404629   039E   8   00  00  00  00  00  00  00  00
00404636   03E0   8   02  39  32  36  00  00  00  00
00404638   01C8   4   00  00  00  00  00  00  00  00
00404639   02FA   8   01  01  00  1A  00  FF  00  00
00404658   02AD   8   00  00  00  00  00  00  00  00
00404659   0322   8   00  00  00  00  37  FF  FF  FF
00404668   0332   8   18  50  D8  40  5B  08  FF  00
00404678   024E   8   FF  FF  00  00  00  00  FF  FF
00404679   02FF   8   00  00  00  00  FF  FF  FF  FF
00404683   033B   8   00  FF  01  EB  00  00  E4  00
00404688   0252   8   03  00  0F  F7  80  00  80  80
00404689   0318   8   00  00  00  00  00  00  FF  00
00404690   0340   8   FF  FF  7D  00  00  80  00  00
00404698   02C3   8   04  04  00  01  00  00  FF  00
00404699   03DE   8   36  00  00  00  03  00  D0  01
00404708   02F8   8   00  FF  F0  00  00  00  28  00
00404709   03D2   4   09  6B  74  00  00  00  00  00
00404710   0401   8   FD  03  04  0F  01  00  00  01
00404718   0122   4   15  02  00  00  00  00  00  00
00404719   032A   8   00  00  00  00  00  00  D8  AB
00404720   03B2   8   03  00  A8  00  F0  FF  FF  00
00404728   03A2   6   00  00  01  01  FF  00  00  00
00404736   03E0   8   00  31  43  34  48  4A  58  46
00404738   022D   8   FF  06  00  00  00  00  00  00
00404739   0358   4   FF  01  FF  00  00  00  00  00
00404748   0395   8   03  FF  07  FF  00  00  30  00
00404758   0322   8   00  00  00  00  37  FF  FF  FF
00404768   030A   8   04  80  00  61  FC  00  02  31
00404778   024E   8   FF  FF  00  00  00  00  FF  FF
00404779   02FF   8   00  00  00  00  FF  FF  FF  FF
00404783   033B   8   00  FF  01  EB  00  00  E4  00
00404788   0252   8   03  00  0F  F7  80  00  80  80
00404789   0318   8   00  00  00  00  00  00  FF  00
00404798   02C3   8   04  04  00  01  00  00  FF  00
00404808   02C2   4   1A  97  67  00  00  00  00  00
00404809   0403   8   FD  3C  04  0F  01  00  00  01
00404813   01C0   6   00  00  00  00  00  00  00  00
00404818   0122   4   15  02  00  00  00  00  00  00
00404819   0232   8   FF  65  00  FF  00  00  00  01
00404836   03E0   8   01  47  37  4A  57  33  31  32
00404858   0322   8   00  8D  00  00  37  FF  FF  FF
00404878   024E   8   FF  FF  04  00  00  00  FF  FF
00404879   02FF   8   00  00  00  00  FF  FF  FF  FF
00404883   033B   8   00  FF  01  EB  00  00  E4  00
00404888   0252   8   03  00  0F  F7  80  00  80  80
00404889   0318   8   00  00  00  00  00  00  FF  00
00404892   043C   8   FD  3F  04  0F  01  00  00  01
00404898   02C3   8   04  04  00  01  00  00  FF  00
00404918   0122   4   15  02  00  00  00  00  00  00
00404936   03E0   8   02  39  32  36  00  00  00  00
00404958   0322   8   00  AD  00  00  37  FF  FF  FF
00404978   024E   8   FF  FF  04  00  00  00  FF  FF
00404979   02FF   8   00  00  00  00  FF  FF  FF  FF
00404983   033B   8   00  FF  01  EB  00  00  E4  00
00404988   0252   8   03  00  0F  F7  80  00  80  80
00404989   0318   8   00  00  00  00  00  00  FF  00
00404998   02C3   8   04  04  00  01  00  00  FF  00
00405008   02C2   4   1A  97  70  00  00  00  00  00
00405013   01C0   6   00  00  00  00  00  00  00  00
00405018   0122   4   15  02  00  00  00  00  00  00
00405019   0232   8   FF  65  00  FF  00  00  00  01
00405036   03E0   8   00  31  43  34  48  4A  58  46
00405046   03CD   8   40  15  00  00  00  00  00  00
00405058   0322   8   00  C7  00  00  37  FF  FF  FF
00405078   024E   8   FF  FF  04  00  00  00  FF  FF
00405079   02FF   8   00  00  00  00  FF  FF  FF  FF
00405083   033B   8   00  FF  01  EB  00  00  E4  00
00405088   0252   8   03  00  0F  F7  80  00  80  80
00405089   0230   8   00  6A  36  08  00  00  00  00
00405090   0318   8   00  00  00  00  00  00  FF  00
00405098   02C3   8   04  04  00  01  00  00  FF  00
00405108   0339   2   F0  F0  00  00  00  00  00  00
00405118   0122   4   15  02  00  00  00  00  00  00
00405128   0248   8   00  00  FF  FF  FF  03  FF  FF
00405140   03E0   8   01  47  37  4A  57  33  31  32
00405140   01C8   4   00  00  00  00  00  00  00  00
00405141   02FA   8   01  01  00  1A  00  FF  00  00
00405152   043C   8   FE  3C  3F  FF  FF  FF  FF  FF
00405158   0322   8   00  FF  00  00  37  FF  FF  FF
00405159   0403   8   FE  03  3F  FF  FF  FF  FF  FF
00405168   0332   8   18  50  D8  40  5B  08  FF  00
00405170   0401   8   FE  01  3F  FF  FF  FF  FF  FF
00405178   024E   8   FF  FF  04  00  00  00  FF  FF
00405179   02FF   8   00  00  00  00  FF  FF  FF  FF
00405183   033B   8   00  FF  01  EB  00  00  E4  00
00405188   0252   8   03  00  0F  F7  80  00  80  80
00405189   0318   8   00  00  00  00  00  00  FF  00
00405198   02C3   8   04  04  00  01  00  00  FF  00
00405208   02C2   4   1A  97  74  00  00  00  00  00
00405213   01C0   6   00  00  00  00  00  00  00  00
00405218   0122   4   15  02  00  00  00  00  00  00
00405219   0232   8   FF  65  00  FF  00  00  00  01
00405236   03E0   8   02  39  32  36  00  00  00  00
00405248   0395   8   03  FF  07  FF  00  00  30  00
00405252   043C   8   FD  01  3F  FF  FF  FF  FF  FF
00405258   0322   8   03  03  00  00  37  FF  FF  FF
00405278   024E   8   FF  FF  10  00  00  00  FF  FF
00405279   02FF   8   00  00  00  00  FF  FF  FF  FF
00405283   033B   8   00  FF  01  EB  00  00  E4  00
00405288   0122   4   04  02  00  00  00  00  00  00
00405289   0252   8   03  00  0F  F7  80  00  80  80
00405290   0318   8   00  00  00  00  00  00  FF  00
00405291   0340   8   FF  FF  7D  00  30  80  00  00
00405292   03DE   8   36  00  00  00  03  00  D1  01
00405296   03CD   8   40  11  00  00  00  00  00  00
00405298   022D   8   84  00  00  00  00  00  00  00
00405299   02C3   8   04  04  00  01  00  00  FF  00
00405318   0122   4   04  02  00  00  00  00  00  00
00405319   0340   8   FF  FF  3D  00  30  80  00  00
00405336   03E0   8   00  31  43  34  48  4A  58  46
00405350   0401   8   FD  3C  3F  FF  FF  FF  FF  FF
00405358   0322   8   04  73  00  00  37  FF  FF  FF
00405359   0403   8   FE  3C  3F  FF  FF  FF  FF  FF
00405378   024E   8   FF  FF  10  00  00  00  FF  FF
00405379   02FF   8   00  00  00  AC  FF  FF  FF  FF
00405383   033B   8   00  FF  01  EB  00  00  E4  00
00405388   0252   8   03  00  0F  F7  80  00  80  80
00405389   0318   8   00  00  00  00  00  00  FF  00
00405398   02C3   8   04  04  00  01  00  00  FF  00
00405408   02C2   4   1A  97  78  00  00  00  00  00
00405409   033C   8   00  31  01  F6  00  00  00  00
00405413   01C0   6   00  00  00  00  00  00  00  00
00405418   0122   4   04  02  00  00  00  00  00  00
00405419   0232   8   FF  65  00  FF  00  00  00  01
00405432   043C   8   FD  01  3F  FF  FF  FF  FF  FF
00405436   03E0   8   01  47  37  4A  57  33  31  32
00405458   0322   8   05  4B  00  00  37  FF  FF  FF
00405478   024E   8   FF  FF  10  00  00  00  FF  FF
00405479   02FF   8   00  00  00  8E  FF  FF  FF  FF
00405483   033B   8   00  FF  01  EB  00  00  E4  00
00405488   0252   8   03  00  0F  F7  80  00  80  80
00405489   0318   8   00  00  00  00  00  00  FF  00
00405498   02C3   8   04  04  00  01  00  00  FF  00
00405518   0122   4   04  02  00  00  00  00  00  00
00405530   0401   8   FD  03  3F  FF  FF  FF  FF  FF
00405536   03E0   8   02  39  32  36  00  00  00  00
00405558   0322   8   05  A3  00  00  37  FF  FF  FF
00405578   024E   8   FF  FF  10  00  00  00  FF  FF
00405579   02C6   8   41  23  05  13  00  00  00  01
00405580   02FF   8   00  00  00  77  FF  FF  FF  FF
00405583   033B   8   00  FF  01  EB  00  00  E4  00
00405588   0230   8   00  6A  36  08  00  00  00  00
00405589   0252   8   03  00  0F  F7  80  00  80  80
00405590   0318   8   00  00  00  00  00  00  FF  00
00405593   034E   8   7F  7F  7F  7F  00  0F  00  7F
00405594   02D3   8   07  00  00  00  00  00  00  00
00405598   02C3   8   04  04  00  01  00  00  FF  00
00405599   033C   8   00  31  01  F6  00  00  00  00
00405600   03C9   4   7B  44  00  00  00  00  00  00
00405601   03F4   8   11  0F  FF  20  02  00  00  84
00405603   033A   8   1A  04  2F  7F  7F  7F  7F  7F
00405604   0273   8   00  00  00  00  00  00  00  00
00405608   02C2   4   1A  97  79  00  00  00  00  00
00405609   030E   8   00  E4  1C  15  07  FF  07  FF
00405609   0339   2   F0  F0  00  00  00  00  00  00
00405613   01C0   6   00  00  00  00  00  00  00  00
00405614   02D4   8   00  00  00  00  00  00  00  00
00405618   0122   4   04  02  00  00  00  00  00  00
00405619   0232   8   FF  65  00  FF  00  00  00  01
00405620   03F2   8   5D  02  B2  01  09  20  10  06
00405628   0248   8   00  00  FF  FF  FF  03  FF  FF
00405629   0403   8   FD  3C  3F  FF  FF  FF  FF  FF
00405630   039E   8   00  00  00  00  00  00  00  00
00405636   03E0   8   00  31  43  34  48  4A  58  46
00405638   01C8   4   00  00  00  00  00  00  00  00
00405639   02FA   8   01  01  00  1A  00  FF  00  00
00405648   03B4   8   35  80  00  00  00  00  04  00
00405649   03EB   8   43  E8  10  04  0F  A0  09  C4
00405658   02AD   8   00  00  00  00  00  00  00  00
00405659   0322   8   05  9B  00  00  37  FF  FF  FF
00405660   03EA   8   41  57  2C  08  B5  34  41  A4
00405668   0332   8   18  50  D8  40  5B  08  FF  00
00405669   03E9   8   01  58  66  00  25  25  00  00
00405678   024E   8   FF  FF  10  00  00  00  FF  FF
00405679   02FF   8   00  00  00  62  FF  FF  FF  FF
00405680   03E8   8   49  31  A2  53  00  0E  51  5C
00405683   033B   8   00  FF  01  EB  00  00  E4  00
00405688   0252   8   03  00  0F  F7  80  00  80  80
00405689   0318   8   00  00  00  00  00  00  FF  00
00405690   0340   8   FF  FF  3D  00  30  80  00  00
00405691   03E4   8   81  DF  88  46  0E  00  00  00
00405698   02C3   8   04  04  00  01  00  00  FF  00
00405699   03DE   8   36  00  00  00  03  00  D1  01
00405700   03E3   8   31  04  10  08  00  00  00  00
00405708   02F8   8   00  FF  F0  00  00  00  28  00
00405709   03D2   4   09  6B  74  00  00  00  00  00
00405712   043C   8   FD  01  3F  FF  FF  FF  FF  FF
00405718   0122   4   04  02  00  00  00  00  00  00
00405719   032A   8   00  00  00  00  00  00  D8  AB
00405720   03B2   8   03  00  A8  00  F0  FF  FF  00
00405726   031E   6   00  80  00  C0  00  00  00  00
00405728   02C5   8   01  EE  EE  1C  05  00  00  00
00405729   03A2   6   00  00  01  01  FF  00  00  00
00405736   03CD   8   40  11  00  00  00  00  00  00
00405737   03E0   8   01  47  37  4A  57  33  31  32
00405738   022D   8   84  00  00  00  00  00  00  00
00405739   0358   4   FF  01  FF  00  00  00  00  00
00405748   0381   8   89  8D  00  08  00  04  00  00
00405749   0395   8   03  FF  07  FF  00  00  30  00
00405758   0322   8   05  52  00  00  37  FF  FF  FF
00405759   038A   8   01  00  00  00  00  00  00  00
00405768   030A   8   04  80  00  61  FC  00  02  31
00405769   03D8   8   FD  00  64  FA  58  23  00  00
00405778   024E   8   FF  FF  10  00  00  00  FF  FF
00405779   02FF   8   00  00  00  52  FF  FF  FF  FF
00405783   033B   8   00  FF  01  EB  00  00  E4  00
00405788   0252   8   03  00  0F  F7  80  00  80  80
00405789   0318   8   00  00  00  00  00  00  FF  00
00405798   02C3   8   04  04  00  01  00  00  FF  00
00405808   02C2   4   1A  97  7A  00  00  00  00  00
00405810   0401   8   FD  03  3F  FF  FF  FF  FF  FF
00405813   01C0   6   00  00  00  00  00  00  00  00
00405818   0122   4   04  02  00  00  00  00  00  00
00405819   0232   8   FF  65  00  FF  00  00  00  01
00405836   03E0   8   02  39  32  36  00  00  00  00
00405848   044A   8   01  00  00  00  00  00  00  20
00405858   0322   8   05  0D  00  00  37  FF  FF  FF
00405859   044C   8   7D  00  00  00  00  00  FF  FF
00405868   03B3   8   01  30  72  01  E4  A3  07  10
00405878   024E   8   FF  FF  10  00  00  00  FF  FF
00405879   02FF   8   00  00  00  44  FF  FF  FF  FF
00405883   033B   8   00  FF  01  EB  00  00  E4  00
00405888   0252   8   03  00  0F  F7  80  00  80  80
00405889   0318   8   00  00  00  00  00  00  FF  00
00405899   02C3   8   04  04  00  01  00  00  FF  00
00405908   0403   8   FD  3C  3F  FF  FF  FF  FF  FF
00405918   0122   4   04  02  00  00  00  00  00  00
00405936   03E0   8   00  31  43  34  48  4A  58  46
00405958   0322   8   04  B4  00  00  37  FF  FF  FF
00405978   024E   8   FF  FF  10  00  00  00  FF  FF
00405979   02FF   8   00  00  00  39  FF  FF  FF  FF
00405983   033B   8   00  FF  01  EB  00  00  E4  00
00405988   0252   8   03  00  0F  F7  80  00  80  80
00405989   0318   8   00  00  00  00  00  00  FF  00
00405992   043C   8   FD  3F  3F  FF  FF  FF  FF  FF
00405998   02C3   8   04  04  00  01  00  00  FF  00
00406008   02C2   4   1A  97  7B  00  00  00  00  00
00406013   01C0   6   00  00  00  00  00  00  00  00
00406018   0122   4   04  02  00  00  00  00  00  00
00406019   0232   8   FF  65  00  FF  00  00  00  01
00406036   03E0   8   01  47  37  4A  57  33  31  32
00406058   0322   8   04  9C  00  00  37  FF  FF  FF
00406078   024E   8   FF  FF  10  00  00  00  FF  FF
00406079   02FF   8   00  00  00  30  FF  FF  FF  FF
00406083   033B   8   00  FF  01  EB  00  00  E4  00
00406088   0230   8   00  6A  36  08  00  00  00  00
00406089   0252   8   03  00  0F  F7  80  00  80  80
00406090   0318   8   00  00  00  00  00  00  FF  00
00406091   0401   8   FE  03  3F  FF  FF  FF  FF  FF
00406098   02C3   8   04  04  00  01  00  00  FF  00
00406108   0339   2   F0  F0  00  00  00  00  00  00
00406118   0122   4   04  02  00  00  00  00  00  00
00406128   0248   8   00  00  FF  FF  FF  03  FF  FF
00406136   03E0   8   02  39  32  36  00  00  00  00
00406138   01C8   4   00  00  00  00  00  00  00  00
00406139   02FA   8   01  01  00  1A  00  FF  00  00
00406158   022D   8   83  00  00  00  00  00  00  00
00406159   0322   8   04  6E  00  00  37  FF  FF  FF
00406168   0332   8   18  50  D8  40  5B  08  FF  00
00406169   0403   8   FD  3C  3F  FF  FF  FF  FF  FF
00406178   024E   8   FF  FF  10  00  00  00  FF  FF
00406179   02FF   8   00  00  00  27  FF  FF  FF  FF
00406183   033B   8   00  FF  01  EB  00  00  E4  00
00406188   0252   8   03  00  0F  F7  80  4F  80  80
00406189   0318   8   00  00  00  00  00  00  FF  00
00406198   02C3   8   04  04  00  01  00  00  FF  00
00406208   02C2   4   1A  97  7C  00  00  00  00  00
00406213   01C0   6   00  00  00  00  00  00  00  00
00406218   0122   4   04  02  00  00  00  00  00  00
00406219   0232   8   FF  65  00  FF  00  00  00  01
00406225   031E   6   00  80  00  C0  00  00  00  00
00406236   03E0   8   00  31  43  34  48  4A  58  46
00406248   0395   8   03  FF  07  FF  00  00  30  00
00406252   043C   8   FD  3F  3F  FF  FF  FF  FF  FF
00406258   0322   8   04  56  00  00  37  FF  FF  FF
00406278   024E   8   FF  FF  10  00  00  00  FF  FF
00406279   02FF   8   00  00  00  21  FF  FF  FF  FF
00406283   033B   8   00  FF  01  EB  00  00  E4  00
00406288   0252   8   03  00  0F  F7  80  47  80  80
00406289   0318   8   00  00  00  00  00  00  FF  00
00406298   02C3   8   04  04  00  01  00  00  FF  00
00406318   0122   4   04  02  00  00  00  00  00  00
00406335   03E0   8   01  47  37  4A  57  33  31  32
00406358   0322   8   04  52  00  00  37  FF  FF  FF
00406378   024E   8   FF  FF  10  00  00  00  FF  FF
00406379   02FF   8   00  91  00  1B  FF  FF  FF  FF
00406383   033B   8   00  FF  01  EB  00  00  E4  00
00406388   0252   8   03  00  0F  F7  80  47  80  7F
00406389   0318   8   00  00  00  00  00  00  FF  00
00406398   02C3   8   04  04  00  01  00  00  FF  00
00406408   02C2   4   1A  97  7D  00  00  00  00  00
00406413   01C0   6   00  00  00  00  00  00  00  00
00406418   0122   4   04  02  00  00  00  00  00  00
00406419   0232   8   FF  65  00  FF  00  00  00  01
00406430   0401   8   FD  03  3F  FF  FF  FF  FF  FF
00406436   03E0   8   02  39  32  36  00  00  00  00
00406458   0322   8   04  43  00  00  37  FF  FF  FF
00406478   024E   8   FF  FF  10  00  00  00  FF  FF
00406479   02FF   8   00  91  00  17  FF  FF  FF  FF
00406483   033B   8   00  FF  01  EB  00  00  E4  00
00406488   0252   8   03  00  0F  F7  80  47  80  80
00406489   0318   8   00  00  00  00  00  00  FF  00
00406498   02C3   8   04  04  00  01  00  00  FF  00
00406518   0122   4   04  02  00  00  00  00  00  00
00406528   0403   8   FD  3C  3F  FF  FF  FF  FF  FF
00406536   03E0   8   00  31  43  34  48  4A  58  46
00406538   030A   8   04  80  00  62  FC  00  02  31
00406558   0322   8   04  3F  00  00  37  FF  FF  FF
00406578   024E   8   FF  FF  10  00  00  00  FF  FF
00406579   02FF   8   00  91  00  12  FF  FF  FF  FF
00406583   033B   8   00  FF  01  EB  00  00  E4  00
00406588   0230   8   00  6A  36  08  00  00  00  00
00406589   0252   8   03  00  0F  F7  80  4F  80  7F
00406590   0318   8   00  00  00  00  00  00  FF  00
00406593   034E   8   7F  7F  7F  7F  00  0F  00  7F
00406594   02D3   8   07  00  00  00  00  00  00  00
00406598   033C   8   00  31  01  F6  00  00  00  00
00406599   02C3   8   04  04  00  01  00  00  FF  00
00406600   03C9   4   7B  44  00  00  00  00  00  00
00406603   033A   8   1A  04  2F  7F  7F  7F  7F  7F
00406604   0273   8   00  00  00  00  00  00  00  00
00406608   02C2   4   1A  97  7E  00  00  00  00  00
00406609   030E   8   00  E4  1C  15  07  FF  07  FF
00406610   0339   2   F0  F0  00  00  00  00  00  00
00406612   043C   8   FD  3F  3F  FF  FF  FF  FF  FF
00406613   01C0   6   00  00  00  00  00  00  00  00
00406614   02D4   8   00  00  00  00  00  00  00  00
00406618   0122   4   04  02  00  00  00  00  00  00
00406619   0232   8   FF  65  00  FF  00  00  00  01
00406628   0248   8   00  00  FF  FF  FF  03  FF  FF
00406629   039E   8   00  00  00  00  00  00  00  00
00406635   03E0   8   01  47  37  4A  57  33  31  32
00406638   01C8   4   00  00  00  00  00  00  00  00
00406639   02FA   8   01  01  00  1A  00  FF  00  00
00406658   022D   8   84  00  00  00  00  00  00  00
00406659   02AD   8   00  00  00  00  00  00  00  00
00406660   0322   8   04  33  00  00  37  FF  FF  FF
00406668   0332   8   18  50  D8  40  5B  08  FF  00
00406678   024E   8   FF  FF  10  00  00  00  FF  FF
00406679   02FF   8   00  91  00  10  FF  FF  FF  FF
00406683   033B   8   00  FF  01  EB  00  00  E4  00
00406688   0252   8   03  00  0F  F7  80  3F  80  7F
00406689   0318   8   00  00  00  00  00  00  FF  00
00406690   0340   8   FF  FF  3D  00  30  80  00  00
00406698   02C3   8   04  04  00  01  00  00  FF  00
00406699   03DE   8   36  00  00  00  03  00  D1  01
00406708   02F8   8   00  FF  F0  00  00  00  28  00
00406709   03D2   4   09  6B  74  00  00  00  00  00
00406718   0122   4   04  02  00  00  00  00  00  00
00406719   032A   8   00  00  00  00  00  00  D8  AB
00406720   03B2   8   03  00  A8  00  F0  FF  FF  00
00406725   031E   6   00  80  00  C0  00  00  00  00
00406728   03A2   6   00  00  01  01  FF  00  00  00
00406736   03E0   8   02  39  32  36  00  00  00  00
00406738   022D   8   84  00  00  00  00  00  00  00
00406739   0358   4   FF  01  FF  00  00  00  00  00
00406748   0395   8   03  FF  07  FF  00  00  30  00
00406758   0322   8   04  27  00  00  37  FF  FF  FF
00406768   030A   8   04  80  00  62  FC  00  02  31
00406778   024E   8   FF  FF  10  00  00  00  FF  FF
00406779   02FF   8   00  91  00  0D  FF  FF  FF  FF
00406783   033B   8   00  FF  01  EB  00  00  E4  00
00406788   0252   8   03  00  0F  F7  80  47  80  80
00406789   0318   8   00  00  00  00  00  00  FF  00
00406790   0401   8   FD  03  3F  FF  FF  FF  FF  FF
00406798   02C3   8   04  04  00  01  00  00  FF  00
00406808   02C2   4   1A  97  7E  00  00  00  00  00
00406813   01C0   6   00  00  00  00  00  00  00  00
00406818   0122   4   04  02  00  00  00  00  00  00
00406819   0232   8   FF  64  00  FF  00  00  00  01
00406835   03E0   8   00  31  43  34  48  4A  58  46
00406858   0322   8   04  28  00  00  37  FF  FF  FF
00406878   024E   8   FF  FF  10  00  00  00  FF  FF
00406879   02FF   8   00  91  00  0B  FF  FF  FF  FF
00406883   033B   8   00  FF  01  EB  00  00  E4  00
00406888   0252   8   03  00  0F  F7  80  47  80  7F
00406889   0403   8   FD  3C  04  0F  00  00  00  01
00406890   0318   8   00  00  00  00  00  00  FF  00
00406898   02C3   8   04  04  00  01  00  00  FF  00
00406918   0122   4   04  02  00  00  00  00  00  00
00406936   03E0   8   01  47  37  4A  57  33  31  32
00406958   0322   8   04  22  00  00  37  FF  FF  FF
00406972   043C   8   FD  3F  04  0F  00  00  00  01
00406978   024E   8   FF  FF  10  00  00  00  FF  FF
00406979   02FF   8   00  91  00  09  FF  FF  FF  FF
00406983   033B   8   00  FF  01  EB  00  00  E4  00
00406988   0252   8   03  00  0F  F7  80  4F  80  7F
00406989   0318   8   00  00  00  00  00  00  FF  00
00406998   02C3   8   04  04  00  01  00  00  FF  00
00407008   02C2   4   1A  97  7F  00  00  00  00  00
00407013   01C0   6   00  00  00  00  00  00  00  00
00407018   0122   4   04  02  00  00  00  00  00  00
00407019   0232   8   FF  64  00  FF  00  00  00  01
00407036   03E0   8   02  39  32  36  00  00  00  00
00407058   0322   8   04  1D  00  00  37  FF  FF  FF
00407078   024E   8   FF  FF  10  00  00  00  FF  FF
00407079   02FF   8   00  91  00  07  FF  FF  FF  FF
00407083   033B   8   00  FF  01  EB  00  00  E4  00
00407088   0230   8   00  6A  36  08  00  00  00  00
00407089   0252   8   03  00  0F  F7  80  47  80  7F
00407090   0318   8   00  00  00  00  00  00  FF  00
00407098   02C3   8   04  04  00  01  00  00  FF  00
00407108   0339   2   F0  F0  00  00  00  00  00  00
00407118   0122   4   04  02  00  00  00  00  00  00
00407128   0248   8   00  00  FF  FF  FF  03  FF  FF
00407135   03E0   8   00  31  43  34  48  4A  58  46
00407138   01C8   4   00  00  00  00  00  00  00  00
00407139   02FA   8   01  01  00  1A  00  FF  00  00
00407150   0401   8   FD  03  04  0F  00  00  00  01
00407164   0322   8   04  13  00  00  37  FF  FF  FF
00407168   0332   8   18  50  D8  40  5B  08  FF  00
00407178   024E   8   FF  FF  10  00  00  00  FF  FF
00407179   02FF   8   00  91  00  06  FF  FF  FF  FF
00407183   033B   8   00  FF  01  EB  00  00  E4  00
00407188   0252   8   03  00  0F  F7  80  4F  80  7F
00407189   0318   8   00  00  00  00  00  00  FF  00
00407198   02C3   8   04  04  00  01  00  00  FF  00
00407208   02C2   4   1A  97  80  00  00  00  00  00
00407213   01C0   6   00  00  00  00  00  00  00  00
00407218   0122   4   04  02  00  00  00  00  00  00
00407219   0232   8   FF  64  00  FF  00  00  00  01
00407224   031E   6   00  80  00  C0  00  00  00  00
00407235   03E0   8   01  47  37  4A  57  33  31  32
00407248   0395   8   03  FF  07  FF  00  00  30  00
00407249   0403   8   FD  3C  3F  FF  FF  FF  FF  FF
00407258   0322   8   04  05  00  00  37  FF  FF  FF
00407278   024E   8   FF  FF  10  00  00  00  FF  FF
00407279   02FF   8   00  91  00  05  FF  FF  FF  FF
00407283   033B   8   00  FF  01  EB  00  00  E4  00
00407288   0252   8   03  00  0F  F7  80  47  80  7F
00407289   0318   8   00  00  00  00  00  00  FF  00
00407298   02C3   8   04  04  00  01  00  00  FF  00
00407318   0122   4   04  02  00  00  00  00  00  00
00407332   043C   8   FD  3F  3F  FF  FF  FF  FF  FF
00407336   03E0   8   02  39  32  36  00  00  00  00
00407358   0322   8   03  FC  00  00  37  FF  FF  FF
00407378   024E   8   FF  FF  10  00  00  00  FF  FF
00407379   02FF   8   00  91  00  04  FF  FF  FF  FF
00407383   033B   8   00  FF  01  EB  00  00  E4  00
00407388   0252   8   03  00  0F  F7  80  4F  80  7F
00407389   0318   8   00  00  00  00  00  00  FF  00
00407398   02C3   8   04  04  00  01  00  00  FF  00
00407408   02C2   4   1A  97  81  00  00  00  00  00
00407413   01C0   6   00  00  00  00  00  00  00  00
00407418   0122   4   04  02  00  00  00  00  00  00
00407419   0232   8   FF  64  00  FF  00  00  00  01
00407435   03E0   8   00  31  43  34  48  4A  58  46
00407458   0322   8   03  F6  00  00  37  FF  FF  FF
00407478   024E   8   FF  FF  10  00  00  00  FF  FF
00407479   02FF   8   00  91  00  03  FF  FF  FF  FF
00407483   033B   8   00  FF  01  EB  00  00  E4  00
00407488   0252   8   03  00  0F  F7  80  3F  80  80
00407489   0318   8   00  00  00  00  00  00  FF  00
00407498   02C3   8   04  04  00  01  00  00  FF  00
00407518   0122   4   04  02  00  00  00  00  00  00
00407530   0401   8   FD  03  04  0F  00  00  00  01
00407535   03E0   8   01  47  37  4A  57  33  31  32
00407558   0322   8   03  F2  00  00  37  FF  FF  FF
00407578   024E   8   FF  FF  10  00  00  00  FF  FF
00407579   02C6   8   41  23  05  13  00  00  00  01
00407580   02FF   8   00  91  00  03  FF  FF  FF  FF
00407583   033B   8   00  FF  01  EB  00  00  E4  00
00407588   0252   8   03  00  0F  F7  80  4F  80  80
00407589   0230   8   00  6A  36  08  00  00  00  00
00407590   0318   8   00  00  00  00  00  00  FF  00
00407593   034E   8   7F  7F  7F  7F  00  0F  00  7F
00407594   02D3   8   07  00  00  00  00  00  00  00
00407598   033C   8   00  31  01  F6  00  00  00  00
00407599   02C3   8   04  04  00  01  00  00  FF  00
00407600   03C9   4   7B  44  00  00  00  00  00  00
00407601   03F4   8   11  0F  FF  20  02  00  00  84
00407603   033A   8   1A  04  2F  7F  7F  7F  7F  7F
00407604   0273   8   00  00  00  00  00  00  00  00
00407608   02C2   4   1A  97  82  00  00  00  00  00
00407609   030E   8   00  E4  1C  15  07  FF  07  FF
00407610   0339   2   F0  F0  00  00  00  00  00  00
00407613   01C0   6   00  00  00  00  00  00  00  00
00407614   02D4   8   00  00  00  00  00  00  00  00
00407618   0122   4   04  02  00  00  00  00  00  00
00407619   0232   8   FF  64  00  FF  00  00  00  01
00407620   03F2   8   5D  02  B2  01  09  20  10  06
00407628   0248   8   00  00  FF  FF  FF  03  FF  FF
00407629   0403   8   FD  3C  3F  FF  FF  FF  FF  FF
00407630   039E   8   00  00  00  00  00  00  00  00
00407636   03E0   8   02  39  32  36  00  00  00  00
00407638   01C8   4   00  00  00  00  00  00  00  00
00407639   02FA   8   01  01  00  1A  00  FF  00  00
00407648   03B4   8   35  80  00  00  00  00  04  00
00407649   03EB   8   43  E8  10  04  0F  A0  09  C4
00407658   022D   8   83  00  00  00  00  00  00  00
00407659   02AD   8   00  00  00  00  00  00  00  00
00407660   0322   8   03  F0  00  00  37  FF  FF  FF
00407661   03EA   8   41  57  2C  08  B5  34  41  A4
00407668   0332   8   18  50  D8  40  5B  08  FF  00
00407669   03E9   8   01  58  66  00  25  25  00  00
00407678   024E   8   FF  FF  10  00  00  00  FF  FF
00407679   02FF   8   00  91  00  02  FF  FF  FF  FF
00407680   03E8   8   49  31  A2  53  00  0E  51  5C
00407683   033B   8   00  FF  01  EB  00  00  E4  00
00407688   0252   8   03  00  0F  F7  80  47  80  80
00407689   0318   8   00  00  00  00  00  00  FF  00
00407690   0340   8   FF  FF  3D  00  30  80  00  00
00407691   03E4   8   81  DF  88  46  0E  00  00  00
00407698   02C3   8   04  04  00  01  00  00  FF  00
00407699   03DE   8   36  00  00  00  03  00  D1  01
00407700   03E3   8   31  04  10  08  00  00  00  00
00407708   02F8   8   00  FF  F0  00  00  00  28  00
00407709   03D2   4   09  6B  74  00  00  00  00  00
00407711   043C   8   FD  3F  3F  FF  FF  FF  FF  FF
00407718   0122   4   04  02  00  00  00  00  00  00
00407719   032A   8   00  00  00  00  00  00  D8  AB
00407720   03B2   8   03  00  A8  00  F0  FF  FF  00
00407724   031E   6   00  80  00  C0  00  00  00  00
00407728   02C5   8   01  EE  EE  1C  05  00  00  00
00407729   03A2   6   00  00  01  01  FF  00  00  00
00407736   03CD   8   40  11  00  00  00  00  00  00
00407736   03E0   8   00  31  43  34  48  4A  58  46
00407738   022D   8   83  00  00  00  00  00  00  00
00407739   0358   4   FF  01  FF  00  00  00  00  00
00407748   0381   8   89  8D  00  08  00  04  00  00
00407749   0395   8   03  FF  07  FF  00  00  30  00
00407758   0322   8   03  E9  00  00  37  FF  FF  FF
00407759   038A   8   01  00  00  00  00  00  00  00
00407768   030A   8   04  80  00  62  FC  00  02  31
00407769   03D8   8   FD  00  64  FA  58  23  00  00
00407778   024E   8   FF  FF  10  00  00  00  FF  FF
00407779   02FF   8   00  91  00  02  FF  FF  FF  FF
00407783   033B   8   00  FF  01  EB  00  00  E4  00
00407788   0252   8   03  00  0F  F7  80  3F  80  7F
00407789   0318   8   00  00  00  00  00  00  FF  00
00407798   02C3   8   04  04  00  01  00  00  FF  00
00407808   02C2   4   1A  97  83  00  00  00  00  00
00407814   01C0   6   00  00  00  00  00  00  00  00
00407818   0122   4   04  02  00  00  00  00  00  00
00407819   0232   8   FF  64  00  FF  00  00  00  01
00407835   03E0   8   01  47  37  4A  57  33  31  32
00407848   044A   8   01  00  00  00  00  00  00  20
00407858   0322   8   03  EA  00  00  37  FF  FF  FF
00407859   044C   8   7D  00  00  00  00  00  FF  FF
00407868   03B3   8   01  30  72  01  E4  A3  07  10
00407878   024E   8   FF  FF  10  00  00  00  FF  FF
00407879   02FF   8   00  91  00  01  FF  FF  FF  FF
00407884   033B   8   00  FF  01  EB  00  00  E4  00
00407888   0252   8   03  00  0F  F7  80  4F  80  7F
00407889   0318   8   00  00  00  00  00  00  FF  00
00407898   02C3   8   04  04  00  01  00  00  FF  00
00407910   0401   8   FD  03  04  0F  00  00  00  01
00407918   0122   4   04  02  00  00  00  00  00  00
00407936   03E0   8   02  39  32  36  00  00  00  00
00407958   0322   8   03  E0  00  00  37  FF  FF  FF
00407978   024E   8   FF  FF  10  00  00  00  FF  FF
00407979   02FF   8   00  91  00  01  FF  FF  FF  FF
00407983   033B   8   00  FF  01  EB  00  00  E4  00
00407988   0252   8   03  00  0F  F7  80  47  80  80
00407989   0318   8   00  00  00  00  00  00  FF  00
00407998   02C3   8   04  04  00  01  00  00  FF  00
00408008   02C2   4   1A  97  85  00  00  00  00  00
00408009   0403   8   FD  3C  3F  FF  FF  FF  FF  FF
00408013   01C0   6   00  00  00  00  00  00  00  00
00408018   0122   4   04  02  00  00  00  00  00  00
00408019   0232   8   FF  64  00  FF  00  00  00  01
00408035   03E0   8   00  31  43  34  48  4A  58  46
00408058   0322   8   03  E0  00  00  37  FF  FF  FF
00408078   024E   8   FF  FF  10  00  00  00  FF  FF
00408079   02FF   8   00  91  00  00  FF  FF  FF  FF
00408083   033B   8   00  FF  01  EB  00  00  E4  00
00408088   0252   8   03  00  0F  F7  80  47  80  7F
00408089   0230   8   00  6A  36  08  00  00  00  00
00408090   0318   8   00  00  00  00  00  00  FF  00
00408091   043C   8   FD  3F  3F  FF  FF  FF  FF  FF
00408098   02C3   8   04  04  00  01  00  00  FF  00
00408108   0339   2   F0  F0  00  00  00  00  00  00
00408118   0122   4   04  02  00  00  00  00  00  00
00408128   0248   8   00  00  FF  FF  FF  03  FF  FF
00408135   03E0   8   01  47  37  4A  57  33  31  32
00408138   01C8   4   00  00  00  00  00  00  00  00
00408139   02FA   8   01  01  00  1A  00  FF  00  00
00408158   022D   8   84  00  00  00  00  00  00  00
00408159   0322   8   03  D8  00  00  37  FF  FF  FF
00408176   0332   8   18  50  D8  40  5B  08  FF  00
00408178   024E   8   FF  FF  10  00  00  00  FF  FF
00408179   02FF   8   00  91  00  00  FF  FF  FF  FF
00408183   033B   8   00  FF  01  EB  00  00  E5  00
00408188   0252   8   03  00  0F  F7  80  4F  80  80
00408189   0318   8   00  00  00  00  00  00  FF  00
00408198   02C3   8   04  04  00  01  00  00  FF  00
00408208   02C2   4   1A  97  89  00  00  00  00  00
00408213   01C0   6   00  00  00  00  00  00  00  00
00408218   0122   4   04  02  00  00  00  00  00  00
00408219   0232   8   FF  64  00  FF  00  00  00  01
00408224   031E   6   00  80  00  C0  00  00  00  00
00408236   03E0   8   02  39  32  36  00  00  00  00
00408248   0395   8   03  FF  07  FF  00  00  30  00
00408258   0322   8   03  CF  00  00  37  FF  FF  FF
00408278   024E   8   FF  FF  10  00  00  00  FF  FF
00408279   02FF   8   00  91  00  00  FF  FF  FF  FF
00408283   033B   8   00  FF  01  EB  00  00  E4  00
00408288   0252   8   03  00  0F  F7  80  4F  80  80
00408289   0318   8   00  00  00  00  00  00  FF  00
00408290   0401   8   FD  03  04  0F  00  00  00  01
00408298   02C3   8   04  04  00  01  00  00  FF  00
00408318   0122   4   04  02  00  00  00  00  00  00
00408335   03E0   8   00  31  43  34  48  4A  58  46
00408358   0322   8   03  BE  00  00  37  FF  FF  FF
00408378   024E   8   FF  FF  10  00  00  00  FF  FF
00408379   02FF   8   00  91  00  00  FF  FF  FF  FF
00408383   033B   8   00  FF  01  EB  00  00  E4  00
00408388   0252   8   03  00  0F  F7  80  3F  80  7F
00408389   0403   8   FD  3C  3F  FF  FF  FF  FF  FF
00408390   0318   8   00  00  00  00  00  00  FF  00
00408398   02C3   8   04  04  00  01  00  00  FF  00
00408408   02C2   4   1A  97  8D  00  00  00  00  00
00408413   01C0   6   00  00  00  00  00  00  00  00
00408418   0122   4   04  02  00  00  00  00  00  00
00408419   0232   8   FF  64  00  FF  00  00  00  01
00408435   03E0   8   01  47  37  4A  57  33  31  32
00408458   0322   8   03  CD  00  00  37  FF  FF  FF
00408471   043C   8   FD  3F  3F  FF  FF  FF  FF  FF
00408478   024E   8   FF  FF  10  00  00  00  FF  FF
00408479   02FF   8   00  91  00  00  FF  FF  FF  FF
00408483   033B   8   00  FF  01  EB  00  00  E5  00
00408488   0252   8   03  00  0F  F7  80  4F  80  80
00408489   0318   8   00  00  00  00  00  00  FF  00
00408498   02C3   8   04  04  00  01  00  00  FF  00
00408518   0122   4   04  02  00  00  00  00  00  00
00408536   03E0   8   02  39  32  36  00  00  00  00
00408558   0322   8   03  C5  00  00  37  FF  FF  FF
00408578   024E   8   FF  FF  10  00  00  00  FF  FF
00408579   02FF   8   00  91  00  00  FF  FF  FF  FF
00408583   033B   8   00  FF  01  EB  00  00  E4  00
00408588   0230   8   00  6A  36  08  00  00  00  00
00408589   0252   8   03  00  0F  F7  80  4F  80  7F
00408590   0318   8   00  00  00  00  00  00  FF  00
00408593   034E   8   7F  7F  7F  7F  00  0F  00  7F
00408594   02D3   8   07  00  00  00  00  00  00  00
00408598   033C   8   00  31  01  F6  00  00  00  00
00408599   02C3   8   04  04  00  01  00  00  FF  00
00408600   03C9   4   7B  44  00  00  00  00  00  00
00408603   033A   8   1A  04  2F  7F  7F  7F  7F  7F
00408604   0273   8   00  00  00  00  00  00  00  00
00408608   02C2   4   1A  97  8C  00  00  00  00  00
00408609   030E   8   00  E4  1C  15  07  FF  07  FF
00408609   0339   2   F0  F0  00  00  00  00  00  00
00408613   01C0   6   00  00  00  00  00  00  00  00
00408614   02D4   8   00  00  00  00  00  00  00  00
00408618   0122   4   04  02  00  00  00  00  00  00
00408619   0232   8   FF  64  00  FF  00  00  00  01
00408628   0248   8   00  00  FF  FF  FF  03  FF  FF
00408629   039E   8   00  00  00  00  00  00  00  00
00408636   03E0   8   00  31  43  34  48  4A  58  46
00408638   01C8   4   00  00  00  00  00  00  00  00
00408639   02FA   8   01  01  00  1A  00  FF  00  00
00408658   022D   8   83  00  00  00  00  00  00  00
00408659   02AD   8   00  00  00  00  00  00  00  00
00408660   0322   8   03  DC  00  00  37  FF  FF  FF
00408668   0332   8   18  50  D8  40  5B  08  FF  00
00408670   0401   8   FD  03  04  0F  00  00  00  01
00408678   024E   8   FF  FF  10  00  00  00  FF  FF
00408679   02FF   8   00  91  00  00  FF  FF  FF  FF
00408683   033B   8   00  FF  01  EB  00  00  E4  00
00408688   0252   8   03  00  0F  F7  80  4F  80  80
00408689   0318   8   00  00  00  00  00  00  FF  00
00408690   0340   8   FF  FF  3D  00  30  80  00  00
00408698   02C3   8   04  04  00  01  00  00  FF  00
00408699   03DE   8   36  00  00  00  03  00  D1  01
00408708   02F8   8   00  FF  F0  00  00  00  28  00
00408709   03D2   4   09  6B  74  00  00  00  00  00
00408718   0122   4   04  02  00  00  00  00  00  00
00408719   032A   8   00  00  00  00  00  00  D8  AB
00408720   03B2   8   03  00  A8  00  F0  FF  FF  00
00408723   031E   6   00  80  00  C0  00  00  00  00
00408727   03CD   8   40  01  00  00  00  00  00  00
00408728   03A2   6   00  00  01  01  FF  00  00  00
00408735   03E0   8   01  47  37  4A  57  33  31  32
00408738   022D   8   83  00  00  00  00  00  00  00
00408739   0358   4   FF  01  FF  00  00  00  00  00
00408748   0395   8   03  FF  07  FF  00  00  30  00
00408758   0322   8   03  DF  00  00  37  FF  FF  FF
00408768   030A   8   04  80  00  62  FC  00  02  31
00408769   0403   8   FD  3C  3F  FF  FF  FF  FF  FF
00408778   024E   8   FF  FF  10  00  00  00  FF  FF
00408779   02FF   8   00  91  00  00  FF  FF  FF  FF
00408783   033B   8   00  FF  01  EB  00  00  E4  00
00408788   0252   8   03  00  0F  F7  80  47  80  7F
00408789   0318   8   00  00  00  00  00  00  FF  00
00408798   02C3   8   04  04  00  01  00  00  FF  00
00408808   02C2   4   1A  97  8C  00  00  00  00  00
00408813   01C0   6   00  00  00  00  00  00  00  00
00408818   0122   4   04  02  00  00  00  00  00  00
00408819   0232   8   FF  64  00  FF  00  00  00  01
00408836   03E0   8   02  39  32  36  00  00  00  00
00408851   043C   8   FD  3F  3F  FF  FF  FF  FF  FF
00408858   0322   8   03  F6  00  00  37  FF  FF  FF
00408878   024E   8   FF  FF  10  00  00  00  FF  FF
00408879   02FF   8   00  91  00  00  FF  FF  FF  FF
00408884   033B   8   00  FF  01  EB  00  00  E5  00
00408888   0252   8   03  00  0F  F7  80  47  80  80
00408889   0318   8   00  00  00  00  00  00  FF  00
00408898   02C3   8   04  04  00  01  00  00  FF  00
00408918   0122   4   04  02  00  00  00  00  00  00
00408936   03E0   8   00  31  43  34  48  4A  58  46
00408958   0322   8   03  F0  00  00  37  FF  FF  FF
00408978   024E   8   FF  FF  10  00  00  00  FF  FF
00408979   02FF   8   00  91  00  00  FF  FF  FF  FF
00408983   033B   8   00  FF  01  EB  00  00  E4  00
00408988   0252   8   03  00  0F  F7  80  47  80  80
00408989   0318   8   00  00  00  00  00  00  FF  00
00408998   02C3   8   04  04  00  01  00  00  FF  00
00409008   02C2   4   1A  97  8B  00  00  00  00  00
00409013   01C0   6   00  00  00  00  00  00  00  00
00409018   0122   4   04  02  00  00  00  00  00  00
00409019   0232   8   FF  64  00  FF  00  00  00  01
00409036   03E0   8   01  47  37  4A  57  33  31  32
00409046   03CD   8   40  00  00  00  00  00  00  00
00409050   0401   8   FD  03  04  0F  00  00  00  01
00409058   0322   8   03  F9  00  00  37  FF  FF  FF
00409078   024E   8   FF  FF  10  00  00  00  FF  FF
00409079   02FF   8   00  91  00  00  FF  FF  FF  FF
00409083   033B   8   00  FF  01  EB  00  00  E4  00
00409088   0252   8   03  00  0F  F7  80  47  80  7F
00409089   0230   8   00  6A  36  08  00  00  00  00
00409090   0318   8   00  00  00  00  00  00  FF  00
00409098   02C3   8   04  04  00  01  00  00  FF  00
00409108   0339   2   F0  F0  00  00  00  00  00  00
00409118   0122   4   04  02  00  00  00  00  00  00
00409128   0248   8   00  00  FF  FF  FF  03  FF  FF
00409136   03E0   8   02  39  32  36  00  00  00  00
00409138   01C8   4   00  00  00  00  00  00  00  00
00409139   02FA   8   01  01  00  1A  00  FF  00  00
00409148   0403   8   FD  3C  3F  FF  FF  FF  FF  FF
00409158   022D   8   84  00  00  00  00  00  00  00
00409159   0322   8   04  05  00  00  37  FF  FF  FF
00409168   0332   8   18  50  D8  40  5B  08  FF  00
00409188   024E   8   FF  FF  10  00  00  00  FF  FF
00409188   02FF   8   00  91  00  00  FF  FF  FF  FF
00409189   033B   8   00  FF  01  EB  00  00  E5  00
00409189   0252   8   03  00  0F  F7  80  47  80  7F
00409189   0318   8   00  00  00  00  00  00  FF  00
00409198   02C3   8   04  04  00  01  00  00  FF  00
00409208   02C2   4   1A  97  8B  00  00  00  00  00
00409213   01C0   6   00  00  00  00  00  00  00  00
00409218   0122   4   04  02  00  00  00  00  00  00
00409219   0232   8   FF  64  00  FF  00  00  00  01
00409223   031E   6   00  80  00  C0  00  00  00  00
00409231   043C   8   FD  3F  3F  FF  FF  FF  FF  FF
00409236   03E0   8   00  31  43  34  48  4A  58  46
00409248   0395   8   03  FF  07  FF  00  00  30  00
00409258   0322   8   04  13  00  00  37  FF  FF  FF
00409278   024E   8   FF  FF  10  00  00  00  FF  FF
00409279   02FF   8   00  91  00  00  FF  FF  FF  FF
00409283   033B   8   00  FF  01  EB  00  00  E4  00
00409288   0252   8   03  00  0F  F7  80  3F  80  7F
00409289   0318   8   00  00  00  00  00  00  FF  00
00409298   02C3   8   04  04  00  01  00  00  FF  00
00409318   0122   4   04  02  00  00  00  00  00  00
00409336   03E0   8   01  47  37  4A  57  33  31  32
00409358   0322   8   04  15  00  00  37  FF  FF  FF
00409378   024E   8   FF  FF  10  00  00  00  FF  FF
00409379   02FF   8   00  91  00  00  FF  FF  FF  FF
00409383   033B   8   00  FF  01  EB  00  00  E4  00
00409388   0252   8   03  00  0F  F7  80  5F  80  7F
00409389   0318   8   00  00  00  00  00  00  FF  00
00409398   02C3   8   04  04  00  01  00  00  FF  00
00409405   03CD   8   40  40  00  00  00  00  00  00
00409408   02C2   4   1A  97  8C  00  00  00  00  00
00409413   01C0   6   00  00  00  00  00  00  00  00
00409418   0122   4   04  02  00  00  00  00  00  00
00409419   0232   8   FF  64  00  FF  00  00  00  01
00409430   0401   8   FD  03  04  0F  00  00  00  01
00409436   03E0   8   02  39  32  36  00  00  00  00
00409458   0322   8   04  13  00  00  37  FF  FF  FF
00409478   024E   8   FF  FF  10  00  00  00  FF  FF
00409479   02FF   8   00  91  00  00  FF  FF  FF  FF
00409483   033B   8   00  FF  01  EB  00  00  E4  00
00409488   0252   8   03  00  0F  F7  80  4F  80  7F
00409489   0318   8   00  00  00  00  00  00  FF  00
00409498   02C3   8   04  04  00  01  00  00  FF  00
00409518   0122   4   04  02  00  00  00  00  00  00
00409528   0403   8   FD  3C  3F  FF  FF  FF  FF  FF
00409536   03E0   8   00  31  43  34  48  4A  58  46
00409558   0322   8   04  1D  00  00  37  FF  FF  FF
00409578   024E   8   FF  FF  10  00  00  00  FF  FF
00409579   02C6   8   41  23  05  13  00  00  00  01
00409580   02FF   8   00  91  00  00  FF  FF  FF  FF
00409583   033B   8   00  FF  01  EB  00  00  E4  00
00409588   0252   8   03  00  0F  F7  80  4F  80  7F
00409589   0230   8   00  6A  36  08  00  00  00  00
00409590   0318   8   00  00  00  00  00  00  FF  00
00409593   02D3   8   07  00  00  00  00  00  00  00
00409594   034E   8   7F  7F  7F  7F  00  0F  00  7F
00409596   02D3   8   07  24  00  00  00  00  00  00
00409598   033C   8   00  31  01  F6  00  00  00  00
00409599   02C3   8   04  04  00  01  00  00  FF  00
00409600   02D3   8   07  24  00  00  00  00  00  00
00409601   03C9   4   7B  44  00  00  00  00  00  00
00409602   03F4   8   11  0F  FF  20  02  00  00  84
00409603   02D3   8   07  24  00  00  00  00  00  00
00409604   0273   8   00  00  00  00  00  00  00  00
00409605   033A   8   19  F0  2F  7F  7F  7F  7F  7F
00409606   02D3   8   07  24  00  00  00  00  00  00
00409608   02D3   8   07  24  00  00  00  00  00  00
00409608   02C2   4   1A  97  8C  00  00  00  00  00
00409609   030E   8   00  E5  1C  15  07  FF  07  FF
00409610   0339   2   F0  F0  00  00  00  00  00  00
00409611   043C   8   FD  3F  3F  FF  FF  FF  FF  FF
00409613   01C0   6   00  00  00  00  00  00  00  00
00409614   02D4   8   00  00  00  00  00  00  00  00
00409618   0122   4   04  02  00  00  00  00  00  00
00409619   0232   8   FF  64  00  FF  00  00  00  01
00409620   03F2   8   5D  02  B2  01  09  20  10  06
00409628   0248   8   00  00  FF  FF  FF  03  FF  FF
00409629   039E   8   00  00  00  00  00  00  00  00
00409636   03E0   8   01  47  37  4A  57  33  31  32
00409638   01C8   4   00  00  00  00  00  00  00  00
00409639   02FA   8   01  01  00  1A  00  FF  00  00
00409648   03B4   8   35  80  00  00  00  00  04  00
00409649   03EB   8   43  E8  10  04  0F  A0  09  C4
00409658   02AD   8   00  00  00  00  00  00  00  00
00409659   0322   8   04  0E  00  00  37  FF  FF  FF
00409660   03EA   8   41  57  2C  08  B5  34  41  A4
00409668   0332   8   18  50  D8  40  5B  08  FF  00
00409669   03E9   8   01  58  66  00  25  25  00  00
00409678   024E   8   FF  FF  10  00  00  00  FF  FF
00409679   02FF   8   00  91  00  00  FF  FF  FF  FF
00409680   03E8   8   49  31  A2  53  00  0E  51  5C
00409683   033B   8   00  FF  01  EB  00  00  E5  00
00409688   0252   8   03  00  0F  F7  80  47  80  80
00409689   0318   8   00  00  00  00  00  00  FF  00
00409690   0340   8   FF  FF  3D  00  30  80  00  00
00409691   03E4   8   81  DF  88  46  0E  00  00  00
00409698   02C3   8   04  04  00  01  00  00  FF  00
00409699   03DE   8   36  00  00  00  03  00  D1  01
00409700   03E3   8   31  04  10  08  00  00  00  00
00409708   02F8   8   00  FF  F0  00  00  00  28  00
00409709   03D2   4   09  6B  74  00  00  00  00  00
00409718   0122   4   04  02  00  00  00  00  00  00
00409719   032A   8   00  00  00  00  00  00  D8  AB
00409720   03B2   8   03  00  A8  00  F0  FF  FF  00
00409722   031E   6   00  80  00  C0  00  00  00  00
00409728   02C5   8   01  EE  EE  1C  05  00  00  00
00409729   03A2   6   00  00  01  01  FF  00  00  00
00409736   03E0   8   02  39  32  36  00  00  00  00
00409737   03CD   8   40  40  00  00  00  00  00  00
00409738   022D   8   84  00  00  00  00  00  00  00
00409739   0358   4   FF  01  FF  00  00  00  00  00
00409748   0381   8   89  8D  00  08  00  04  00  00
00409749   0395   8   03  FF  07  FF  00  00  30  00
00409758   0322   8   04  13  00  00  37  FF  FF  FF
00409759   038A   8   01  00  00  00  00  00  00  00
00409768   030A   8   04  80  00  62  FC  00  02  31
00409769   03D8   8   FD  00  64  FA  58  23  00  00
00409778   024E   8   FF  FF  10  00  00  00  FF  FF
00409779   02FF   8   00  91  00  00  FF  FF  FF  FF
00409783   033B   8   00  FF  01  EB  00  00  E4  00
00409788   0252   8   03  00  0F  F7  80  37  80  80
00409789   0318   8   00  00  00  00  00  00  FF  00
00409798   02C3   8   04  04  00  01  00  00  FF  00
00409808   02C2   4   1A  97  8C  00  00  00  00  00
00409810   0401   8   FD  03  04  0F  00  00  00  01
00409813   01C0   6   00  00  00  00  00  00  00  00
00409818   0122   4   04  02  00  00  00  00  00  00
00409819   0232   8   FF  64  00  FF  00  00  00  01
00409836   03E0   8   00  31  43  34  48  4A  58  46
00409848   044A   8   01  00  00  00  00  00  00  20
00409858   0322   8   04  07  00  00  37  FF  FF  FF
