  000000   401571.000   0401   8   fe  01  04  02  01  01  8e  01
  000001   401578.000   024e   8   ff  ff  1c  00  00  00  ff  ff
  000002   401579.000   0403   8   fe  03  3f  ff  ff  ff  ff  ff
  000003   401580.000   02c6   8   41  23  05  13  00  00  00  01
  000004   401581.000   02ff   8   00  00  00  00  ff  ff  ff  ff
  000005   401583.000   033b   8   00  ff  01  eb  00  00  e5  00
  000006   401588.000   0230   8   00  6a  36  08  00  00  00  00
  000007   401589.000   0252   8   03  00  0f  f3  80  00  80  80
  000008   401590.000   0318   8   00  00  00  00  00  00  ff  00
  000009   401593.000   034e   8   7f  7f  7f  7f  7f  0f  00  7f
  000010   401594.000   043c   8   fe  3c  04  02  00  01  00  01
  000011   401596.000   02d3   8   07  00  00  00  00  00  00  00
  000012   401598.000   033c   8   00  00  03  e8  00  00  00  00
  000013   401599.000   02c3   8   04  04  00  01  00  00  ff  00
  000014   401600.000   03c9   4   7b  44  00  00  00  00  00  00
  000015   401601.000   03f4   8   11  0f  ff  20  02  00  00  84
  000016   401603.000   033a   8   1a  04  2f  7f  7f  7f  7f  7f
  000017   401606.000   0273   8   00  00  00  00  00  00  00  00
  000018   401608.000   030e   8   00  e4  1c  fe  07  ff  07  ff
  000019   401609.000   02c2   4   1a  97  7d  00  00  00  00  00
  000020   401609.000   0339   2   f0  f0  00  00  00  00  00  00
  000021   401616.000   02d4   8   00  00  00  00  00  00  00  00
  000022   401618.000   01c0   6   00  00  00  00  00  00  00  00
  000023   401619.000   0122   4   00  01  00  00  00  00  00  00
  000024   401620.000   0232   8   ff  ff  00  ff  00  00  00  01
  000025   401621.000   03f2   8   5d  02  b2  01  09  20  10  06
  000026   401628.000   0248   8   00  00  ff  ff  ff  03  ff  ff
  000027   401629.000   030a   8   04  80  ff  ff  ff  7e  02  00
  000028   401630.000   039e   8   00  00  00  00  00  00  00  00
  000029   401638.000   01c8   4   00  00  00  00  00  00  00  00
  000030   401639.000   02fa   8   01  01  00  1a  00  ff  00  00
  000031   401640.000   0340   8   ff  ff  ff  00  00  18  00  00
  000032   401648.000   030a   8   04  80  ff  ff  ff  7e  02  31
  000033   401649.000   03b4   8   35  80  00  00  00  00  04  00
  000034   401650.000   03d2   4   ff  ff  ff  00  00  00  00  00
  000035   401651.000   03eb   8   43  e8  10  04  0f  a0  09  c4
  000036   401658.000   02ad   8   00  00  00  00  00  00  00  00
  000037   401659.000   0322   8   ff  ff  00  00  3f  ff  ff  ff
  000038   401660.000   03ea   8   41  57  2c  08  b5  34  41  a4
  000039   401668.000   0332   8   18  ff  ff  41  ff  08  ff  00
  000040   401669.000   03d2   4   09  6b  74  00  00  00  00  00
  000041   401670.000   03e9   8   01  58  66  00  25  25  00  00
  000042   401671.000   0401   8   fd  03  3f  ff  ff  ff  ff  ff
  000043   401678.000   024e   8   ff  ff  1c  00  00  00  ff  ff
  000044   401679.000   02ff   8   00  00  00  00  ff  ff  ff  ff
  000045   401680.000   03e8   8   49  31  a2  53  00  0e  51  5c
  000046   401684.000   033b   8   00  ff  01  eb  00  00  e4  00
  000047   401688.000   0252   8   03  00  7f  ff  ff  ff  ff  ff
  000048   401689.000   0318   8   00  00  00  00  00  00  ff  00
  000049   401690.000   0340   8   ff  ff  ff  00  00  18  00  00
  000050   401691.000   03e4   8   81  df  88  46  0e  00  00  00
  000051   401695.000   03cd   8   00  00  00  00  00  00  00  00
  000052   401698.000   02c3   8   04  04  00  01  00  00  ff  00
  000053   401699.000   03de   8   36  00  00  00  03  00  d0  01
  000054   401700.000   03e3   8   31  04  10  08  00  00  00  00
  000055   401708.000   02f8   8   00  ff  f0  00  00  00  28  00
  000056   401709.000   03d2   4   09  6b  74  00  00  00  00  00
  000057   401718.000   0122   4   00  01  00  00  00  00  00  00
  000058   401719.000   032a   8   00  00  00  00  00  00  d8  ab
  000059   401720.000   03b2   8   03  00  a8  00  f0  ff  ff  00
  000060   401728.000   02c5   8   01  ee  ee  1c  05  00  00  00
  000061   401729.000   03a2   6   00  00  01  01  ff  00  00  00
  000062   401738.000   022d   8   ff  06  00  00  00  00  00  00
  000063   401739.000   0358   4   ff  01  ff  00  00  00  00  00
  000064   401748.000   0381   8   89  8d  00  08  00  04  00  00
  000065   401749.000   0395   8   03  ff  07  ff  00  00  30  00
  000066   401758.000   0322   8   ff  ff  00  00  3f  ff  ff  ff
  000067   401759.000   038a   8   01  00  00  00  00  00  00  00
  000068   401768.000   0403   8   fd  3c  3f  ff  ff  ff  ff  ff
  000069   401769.000   030a   8   04  80  ff  ff  ff  7e  02  31
  000070   401770.000   03d8   8   fd  00  64  fa  58  23  00  00
  000071   401778.000   024e   8   ff  ff  1c  00  00  00  ff  ff
  000072   401779.000   02ff   8   00  00  00  00  ff  ff  ff  ff
  000073   401783.000   033b   8   00  ff  01  eb  00  00  e5  00
  000074   401788.000   0252   8   03  00  7f  ff  ff  ff  ff  ff
  000075   401789.000   0318   8   00  00  00  00  00  00  ff  00
  000076   401798.000   02c3   8   04  04  00  01  00  00  ff  00
  000077   401808.000   02c2   4   1a  97  7c  00  00  00  00  00
  000078   401813.000   01c0   6   00  00  00  00  00  00  00  00
  000079   401818.000   0122   4   00  01  00  00  00  00  00  00
  000080   401819.000   0232   8   ff  ff  00  ff  00  00  00  01
  000081   401848.000   044a   8   01  00  00  00  00  00  00  20
  000082   401853.000   043c   8   fd  3f  3f  ff  ff  ff  ff  ff
  000083   401858.000   0322   8   ff  ff  00  00  3f  ff  ff  ff
  000084   401859.000   044c   8   7d  00  00  00  00  00  ff  ff
  000085   401868.000   03b3   8   01  30  72  01  e4  a3  07  10
  000086   401878.000   024e   8   ff  ff  1c  00  00  00  ff  ff
  000087   401879.000   02ff   8   00  00  00  00  ff  ff  ff  ff
  000088   401883.000   033b   8   00  ff  01  eb  00  00  e4  00
  000089   401888.000   0252   8   03  00  10  0b  ff  ff  ff  ff
  000090   401889.000   0318   8   00  00  00  00  00  00  ff  00
  000091   401898.000   02c3   8   04  04  00  01  00  00  ff  00
  000092   401918.000   0122   4   00  01  00  00  00  00  00  00
  000093   401958.000   0322   8   ff  ff  00  00  3f  ff  ff  ff
  000094   401978.000   024e   8   ff  ff  1c  00  00  00  ff  ff
  000095   401979.000   02ff   8   00  00  00  00  ff  ff  ff  ff
  000096   401983.000   033b   8   00  ff  01  eb  00  00  e5  00
  000097   401988.000   0252   8   03  00  10  09  ff  ff  ff  ff
  000098   401989.000   0318   8   00  00  00  00  00  00  ff  00
  000099   401998.000   02c3   8   04  04  00  01  00  00  ff  00
  000100   402008.000   02c2   4   1a  97  7c  00  00  00  00  00
  000101   402013.000   01c0   6   00  00  00  00  00  00  00  00
  000102   402018.000   0122   4   00  01  00  00  00  00  00  00
  000103   402019.000   0232   8   ff  ff  00  ff  00  00  00  01
  000104   402050.000   0401   8   fd  03  3f  ff  ff  ff  ff  ff
  000105   402058.000   0322   8   ff  ff  00  00  3f  ff  ff  ff
  000106   402078.000   024e   8   ff  ff  1c  00  00  00  ff  ff
  000107   402079.000   02ff   8   00  00  00  00  ff  ff  ff  ff
  000108   402083.000   033b   8   00  ff  01  eb  00  00  e4  00
  000109   402088.000   0230   8   00  6a  36  08  00  00  00  00
  000110   402089.000   0252   8   03  00  0f  f7  ff  ff  ff  ff
  000111   402090.000   0318   8   00  00  00  00  00  00  ff  00
  000112   402104.000   02c3   8   04  04  00  01  00  00  ff  00
  000113   402108.000   0339   2   f0  f0  00  00  00  00  00  00
  000114   402118.000   0122   4   00  01  00  00  00  00  00  00
  000115   402128.000   0248   8   00  00  ff  ff  ff  03  ff  ff
  000116   402138.000   01c8   4   00  00  00  00  00  00  00  00
  000117   402139.000   02fa   8   01  01  00  1a  00  ff  00  00
  000118   402140.000   0340   8   ff  ff  ff  00  00  98  00  00
  000119   402148.000   0403   8   fd  3c  3f  ff  ff  ff  ff  ff
  000120   402158.000   0322   8   ff  ff  00  00  3f  ff  ff  ff
  000121   402168.000   0332   8   18  ff  ff  41  ff  08  ff  00
  000122   402178.000   024e   8   ff  ff  1c  00  00  00  ff  ff
  000123   402179.000   02ff   8   00  00  00  00  ff  ff  ff  ff
  000124   402183.000   033b   8   00  ff  01  eb  00  00  e5  00
  000125   402188.000   0252   8   03  00  0f  e3  ff  ff  ff  ff
  000126   402189.000   0318   8   00  00  00  00  00  00  ff  00
  000127   402198.000   02c3   8   04  04  00  01  00  00  ff  00
  000128   402208.000   02c2   4   1a  97  7c  00  00  00  00  00
  000129   402213.000   01c0   6   00  00  00  00  00  00  00  00
  000130   402218.000   0122   4   00  01  00  00  00  00  00  00
  000131   402219.000   0232   8   ff  ff  00  ff  00  00  00  01
  000132   402233.000   043c   8   fd  3f  3f  ff  ff  ff  ff  ff
  000133   402248.000   0395   8   03  ff  07  ff  00  00  30  00
  000134   402258.000   0322   8   ff  ff  00  00  3f  ff  ff  ff
  000135   402278.000   024e   8   ff  ff  1c  00  00  00  ff  ff
  000136   402279.000   02ff   8   00  00  00  00  ff  ff  ff  ff
  000137   402283.000   033b   8   00  ff  01  eb  00  00  e4  00
  000138   402288.000   0252   8   03  00  0f  e7  ff  ff  ff  ff
  000139   402289.000   0318   8   00  00  00  00  00  00  ff  00
  000140   402298.000   02c3   8   04  04  00  01  00  00  ff  00
  000141   402318.000   0122   4   00  01  00  00  00  00  00  00
  000142   402358.000   0322   8   ff  ff  00  00  3f  ff  ff  ff
  000143   402378.000   024e   8   ff  ff  1c  00  00  00  ff  ff
  000144   402379.000   02ff   8   00  00  00  00  ff  ff  ff  ff
  000145   402383.000   033b   8   00  ff  01  eb  00  00  e5  00
  000146   402388.000   0252   8   03  00  0f  eb  ff  ff  ff  ff
  000147   402389.000   0318   8   00  00  00  00  00  00  ff  00
  000148   402398.000   02c3   8   04  04  00  01  00  00  ff  00
  000149   402408.000   02c2   4   1a  97  7c  00  00  00  00  00
  000150   402413.000   01c0   6   00  00  00  00  00  00  00  00
  000151   402418.000   0122   4   00  01  00  00  00  00  00  00
  000152   402419.000   0232   8   ff  ff  00  ff  00  00  00  01
  000153   402430.000   0401   8   fd  03  04  0f  01  00  00  01
  000154   402458.000   0322   8   ff  ff  00  00  3f  ff  ff  ff
  000155   402478.000   024e   8   ff  ff  1c  00  00  00  ff  ff
  000156   402479.000   02ff   8   00  00  00  00  ff  ff  ff  ff
  000157   402483.000   033b   8   00  ff  01  eb  00  00  e4  00
  000158   402488.000   0252   8   03  00  0f  e9  ff  ff  ff  ff
  000159   402489.000   0318   8   00  00  00  00  00  00  ff  00
  000160   402498.000   02c3   8   04  04  00  01  00  00  ff  00
  000161   402518.000   0122   4   00  01  00  00  00  00  00  00
  000162   402528.000   0403   8   fd  3c  04  0f  01  00  00  01
  000163   402558.000   0322   8   ff  ff  00  00  3f  ff  ff  ff
  000164   402578.000   024e   8   ff  ff  1c  00  00  00  ff  ff
  000165   402579.000   02ff   8   00  00  00  00  ff  ff  ff  ff
  000166   402583.000   033b   8   00  ff  01  eb  00  00  e5  00
  000167   402588.000   0230   8   00  6a  36  08  00  00  00  00
  000168   402589.000   0252   8   03  00  0f  e6  ff  ff  ff  ff
  000169   402590.000   0318   8   00  00  00  00  00  00  ff  00
  000170   402593.000   034e   8   7f  7f  7f  7f  7f  0f  00  7f
  000171   402595.000   02d3   8   07  00  00  00  00  00  00  00
  000172   402598.000   033c   8   00  00  03  e8  00  00  00  00
  000173   402599.000   02c3   8   04  04  00  01  00  00  ff  00
  000174   402600.000   03c9   4   7b  44  00  00  00  00  00  00
  000175   402603.000   033a   8   1a  04  2f  7f  7f  7f  7f  7f
  000176   402605.000   0273   8   00  00  00  00  00  00  00  00
  000177   402608.000   030e   8   00  e4  1c  fe  07  ff  07  ff
  000178   402609.000   02c2   4   1a  97  7c  00  00  00  00  00
  000179   402609.000   0339   2   f0  f0  00  00  00  00  00  00
  000180   402613.000   043c   8   fd  3f  04  0f  01  00  00  01
  000181   402614.000   01c0   6   00  00  00  00  00  00  00  00
  000182   402615.000   02d4   8   00  00  00  00  00  00  00  00
  000183   402618.000   0122   4   00  01  00  00  00  00  00  00
  000184   402619.000   0232   8   ff  ff  00  ff  00  00  00  01
  000185   402628.000   0248   8   00  00  ff  ff  ff  03  ff  ff
  000186   402629.000   039e   8   00  00  00  00  00  00  00  00
  000187   402638.000   01c8   4   00  00  00  00  00  00  00  00
  000188   402639.000   02fa   8   01  01  00  1a  00  ff  00  00
  000189   402658.000   02ad   8   00  00  00  00  00  00  00  00
  000190   402659.000   0322   8   ff  ff  00  00  3f  ff  ff  ff
  000191   402668.000   0332   8   18  ff  ff  41  ff  08  ff  00
  000192   402678.000   024e   8   ff  ff  1c  00  00  00  ff  ff
  000193   402679.000   02ff   8   00  00  00  00  ff  ff  ff  ff
  000194   402683.000   033b   8   00  ff  01  eb  00  00  e4  00
  000195   402688.000   0252   8   03  00  0f  e6  ff  ff  ff  ff
  000196   402689.000   0318   8   00  00  00  00  00  00  ff  00
  000197   402690.000   0340   8   ff  ff  ff  00  00  98  00  00
  000198   402698.000   02c3   8   04  04  00  01  00  00  ff  00
  000199   402699.000   03de   8   36  00  00  00  03  00  d0  01
  000200   402708.000   02f8   8   00  ff  f0  00  00  00  28  00
  000201   402709.000   03d2   4   09  6b  74  00  00  00  00  00
  000202   402718.000   0122   4   00  01  00  00  00  00  00  00
  000203   402719.000   032a   8   00  00  00  00  00  00  d8  ab
  000204   402720.000   03b2   8   03  00  a8  00  f0  ff  ff  00
  000205   402728.000   03a2   6   00  00  01  01  ff  00  00  00
  000206   402738.000   022d   8   ff  06  00  00  00  00  00  00
  000207   402739.000   0358   4   ff  01  ff  00  00  00  00  00
  000208   402748.000   0395   8   03  ff  07  ff  00  00  30  00
  000209   402758.000   0322   8   ff  ff  00  00  3f  ff  ff  ff
  000210   402768.000   030a   8   04  80  ff  ff  ff  7e  02  31
  000211   402778.000   024e   8   ff  ff  1c  00  00  00  ff  ff
  000212   402779.000   02ff   8   00  00  00  00  ff  ff  ff  ff
  000213   402783.000   033b   8   00  ff  01  eb  00  00  e5  00
  000214   402788.000   0252   8   03  00  0f  e8  ff  ff  ff  ff
  000215   402789.000   0318   8   00  00  00  00  00  00  ff  00
  000216   402798.000   02c3   8   04  04  00  01  00  00  ff  00
  000217   402808.000   02c2   4   1a  97  7c  00  00  00  00  00
  000218   402810.000   0401   8   fd  03  04  0f  01  00  00  01
  000219   402813.000   01c0   6   00  00  00  00  00  00  00  00
  000220   402818.000   0122   4   00  01  00  00  00  00  00  00
  000221   402819.000   0232   8   ff  ff  00  ff  00  00  00  01
  000222   402858.000   0322   8   ff  ff  00  00  3f  ff  ff  ff
  000223   402878.000   024e   8   ff  ff  1c  00  00  00  ff  ff
  000224   402879.000   02ff   8   00  00  00  00  ff  ff  ff  ff
  000225   402883.000   033b   8   00  ff  01  eb  00  00  e4  00
  000226   402888.000   0252   8   03  00  0f  ef  ff  ff  ff  ff
  000227   402889.000   0318   8   00  00  00  00  00  00  ff  00
  000228   402898.000   02c3   8   04  04  00  01  00  00  ff  00
  000229   402908.000   0403   8   fd  3c  04  0f  01  00  00  01
  000230   402918.000   0122   4   00  01  00  00  00  00  00  00
  000231   402958.000   0322   8   ff  ff  00  00  3f  ff  ff  ff
  000232   402978.000   024e   8   ff  ff  1c  00  00  00  ff  ff
  000233   402979.000   02ff   8   00  00  00  00  ff  ff  ff  ff
  000234   402983.000   033b   8   00  ff  01  eb  00  00  e5  00
  000235   402988.000   0252   8   03  00  0f  f7  ff  ff  ff  ff
  000236   402989.000   0318   8   00  00  00  00  00  00  ff  00
  000237   402993.000   043c   8   fd  3f  04  0f  01  00  00  01
  000238   402998.000   02c3   8   04  04  00  01  00  00  ff  00
  000239   403008.000   02c2   4   1a  97  7c  00  00  00  00  00
  000240   403013.000   01c0   6   00  00  00  00  00  00  00  00
  000241   403018.000   0122   4   00  01  00  00  00  00  00  00
  000242   403019.000   0232   8   ff  ff  00  ff  00  00  00  01
  000243   403058.000   0322   8   ff  ff  00  00  3f  ff  ff  ff
  000244   403078.000   024e   8   ff  ff  1c  00  00  00  ff  ff
  000245   403079.000   02ff   8   00  00  00  00  ff  ff  ff  ff
  000246   403083.000   033b   8   00  ff  01  eb  00  00  e4  00
  000247   403088.000   0230   8   00  6a  36  08  00  00  00  00
  000248   403089.000   0252   8   03  00  0f  f7  ff  ff  ff  ff
  000249   403090.000   0318   8   00  00  00  00  00  00  ff  00
  000250   403098.000   02c3   8   04  04  00  01  00  00  ff  00
  000251   403116.000   0339   2   f0  f0  00  00  00  00  00  00
  000252   403118.000   0122   4   00  01  00  00  00  00  00  00
  000253   403128.000   0248   8   00  00  ff  ff  ff  03  ff  ff
  000254   403138.000   01c8   4   00  00  00  00  00  00  00  00
  000255   403139.000   02fa   8   01  01  00  1a  00  ff  00  00
  000256   403158.000   0322   8   ff  ff  00  00  3f  ff  ff  ff
  000257   403168.000   0332   8   18  ff  ff  41  ff  08  ff  00
  000258   403178.000   024e   8   ff  ff  1c  00  00  00  ff  ff
  000259   403179.000   02ff   8   00  00  00  00  ff  ff  ff  ff
  000260   403183.000   033b   8   00  ff  01  eb  00  00  e4  00
  000261   403188.000   0252   8   03  00  0f  f7  ff  ff  ff  ff
  000262   403189.000   0318   8   00  00  00  00  00  00  ff  00
  000263   403190.000   0401   8   fd  03  04  0f  01  00  00  01
  000264   403198.000   02c3   8   04  04  00  01  00  00  ff  00
  000265   403208.000   02c2   4   1a  97  7c  00  00  00  00  00
  000266   403213.000   01c0   6   00  00  00  00  00  00  00  00
  000267   403218.000   0122   4   00  01  00  00  00  00  00  00
  000268   403219.000   0232   8   ff  ff  00  ff  00  00  00  01
  000269   403248.000   0395   8   03  ff  07  ff  00  00  30  00
  000270   403258.000   0322   8   ff  ff  00  00  3f  ff  ff  ff
  000271   403278.000   024e   8   ff  ff  1c  00  00  00  ff  ff
  000272   403279.000   02ff   8   00  00  00  00  ff  ff  ff  ff
  000273   403283.000   033b   8   00  ff  01  eb  00  00  e4  00
  000274   403288.000   0403   8   fd  3c  04  0f  01  00  00  01
  000275   403289.000   0252   8   03  00  0f  f7  ff  ff  ff  ff
  000276   403290.000   0318   8   00  00  00  00  00  00  ff  00
  000277   403298.000   02c3   8   04  04  00  01  00  00  ff  00
  000278   403318.000   0122   4   00  01  00  00  00  00  00  00
  000279   403358.000   0322   8   ff  ff  00  00  3f  ff  ff  ff
  000280   403373.000   043c   8   fd  3f  04  0f  01  00  00  01
  000281   403378.000   024e   8   ff  ff  1c  00  00  00  ff  ff
  000282   403379.000   02ff   8   00  00  00  00  ff  ff  ff  ff
  000283   403383.000   033b   8   00  ff  01  eb  00  00  e4  00
  000284   403388.000   0252   8   03  00  0f  f7  ff  ff  ff  ff
  000285   403389.000   0318   8   00  00  00  00  00  00  ff  00
  000286   403398.000   02c3   8   04  04  00  01  00  00  ff  00
  000287   403408.000   02c2   4   1a  97  7c  00  00  00  00  00
  000288   403413.000   01c0   6   00  00  00  00  00  00  00  00
  000289   403418.000   0122   4   00  01  00  00  00  00  00  00
  000290   403419.000   0232   8   ff  ff  00  ff  00  00  00  01
  000291   403458.000   0322   8   ff  ff  00  00  3f  ff  ff  ff
  000292   403478.000   024e   8   ff  ff  1c  00  00  00  ff  ff
  000293   403479.000   02ff   8   00  00  00  00  ff  ff  ff  ff
  000294   403483.000   033b   8   00  ff  01  eb  00  00  e4  00
  000295   403488.000   0252   8   03  00  0f  f7  ff  ff  ff  ff
  000296   403489.000   0318   8   00  00  00  00  00  00  ff  00
  000297   403498.000   02c3   8   04  04  00  01  00  00  ff  00
  000298   403518.000   0122   4   00  01  00  00  00  00  00  00
  000299   403558.000   0322   8   ff  ff  00  00  3f  ff  ff  ff
  000300   403570.000   0401   8   fd  03  04  0f  01  00  00  01
  000301   403578.000   024e   8   ff  ff  1c  00  00  00  ff  ff
  000302   403579.000   02c6   8   41  23  05  13  00  00  00  01
  000303   403580.000   02ff   8   00  00  00  00  ff  ff  ff  ff
  000304   403583.000   033b   8   00  ff  01  eb  00  00  e4  00
  000305   403588.000   0230   8   00  6a  36  08  00  00  00  00
  000306   403589.000   0252   8   03  00  0f  f7  ff  ff  ff  ff
  000307   403590.000   0318   8   00  00  00  00  00  00  ff  00
  000308   403593.000   034e   8   7f  7f  7f  7f  7f  0f  00  7f
  000309   403595.000   02d3   8   07  00  00  00  00  00  00  00
  000310   403598.000   033c   8   00  00  03  e8  00  00  00  00
  000311   403599.000   02c3   8   04  04  00  01  00  00  ff  00
  000312   403600.000   03c9   4   7b  44  00  00  00  00  00  00
  000313   403601.000   03f4   8   11  0f  ff  20  02  00  00  84
  000314   403603.000   033a   8   1a  04  2f  7f  7f  7f  7f  7f
  000315   403605.000   0273   8   00  00  00  00  00  00  00  00
  000316   403608.000   030e   8   00  e4  1c  fe  07  ff  07  ff
  000317   403609.000   02c2   4   1a  97  7c  00  00  00  00  00
  000318   403609.000   0339   2   f0  f0  00  00  00  00  00  00
  000319   403613.000   01c0   6   00  00  00  00  00  00  00  00
  000320   403615.000   02d4   8   00  00  00  00  00  00  00  00
  000321   403618.000   0122   4   00  01  00  00  00  00  00  00
  000322   403619.000   0232   8   ff  ff  00  ff  00  00  00  01
  000323   403620.000   03f2   8   5d  02  b2  01  09  20  10  06
  000324   403628.000   0248   8   00  00  ff  ff  ff  03  ff  ff
  000325   403629.000   039e   8   00  00  00  00  00  00  00  00
  000326   403638.000   01c8   4   00  00  00  00  00  00  00  00
  000327   403639.000   02fa   8   01  01  00  1a  00  ff  00  00
  000328   403648.000   03b4   8   35  80  00  00  00  00  04  00
  000329   403649.000   03eb   8   43  e8  10  04  0f  a0  09  c4
  000330   403658.000   02ad   8   00  00  00  00  00  00  00  00
  000331   403659.000   0322   8   ff  ff  00  00  3f  ff  ff  ff
  000332   403660.000   03ea   8   41  57  2c  08  b5  34  41  a4
  000333   403668.000   0403   8   fd  3c  04  0f  01  00  00  01
  000334   403669.000   0332   8   18  ff  ff  41  ff  08  ff  00
  000335   403670.000   03e9   8   01  58  66  00  25  25  00  00
  000336   403678.000   024e   8   ff  ff  1c  00  00  00  ff  ff
  000337   403679.000   02ff   8   00  00  00  00  ff  ff  ff  ff
  000338   403680.000   03e8   8   49  31  a2  53  00  0e  51  5c
  000339   403684.000   033b   8   00  ff  01  eb  00  00  e4  00
  000340   403688.000   0252   8   03  00  0f  f7  ff  ff  ff  ff
  000341   403689.000   0318   8   00  00  00  00  00  00  ff  00
  000342   403690.000   0340   8   ff  ff  ff  00  00  98  00  00
  000343   403691.000   03e4   8   81  df  88  46  0e  00  00  00
  000344   403698.000   02c3   8   04  04  00  01  00  00  ff  00
  000345   403699.000   03de   8   36  00  00  00  03  00  d0  01
  000346   403700.000   03e3   8   31  04  10  08  00  00  00  00
  000347   403708.000   02f8   8   00  ff  f0  00  00  00  28  00
  000348   403709.000   03d2   4   09  6b  74  00  00  00  00  00
  000349   403718.000   0122   4   00  01  00  00  00  00  00  00
  000350   403719.000   032a   8   00  00  00  00  00  00  d8  ab
  000351   403720.000   03b2   8   03  00  a8  00  f0  ff  ff  00
  000352   403728.000   02c5   8   01  ee  ee  1c  05  00  00  00
  000353   403729.000   03a2   6   00  00  01  01  ff  00  00  00
  000354   403735.000   03cd   8   00  00  00  00  00  00  00  00
  000355   403738.000   022d   8   ff  06  00  00  00  00  00  00
  000356   403739.000   0358   4   ff  01  ff  00  00  00  00  00
  000357   403748.000   0381   8   89  8d  00  08  00  04  00  00
  000358   403749.000   0395   8   03  ff  07  ff  00  00  30  00
  000359   403753.000   043c   8   fd  3f  04  0f  01  00  00  01
  000360   403758.000   0322   8   ff  ff  00  00  3f  ff  ff  ff
  000361   403759.000   038a   8   01  00  00  00  00  00  00  00
  000362   403768.000   030a   8   04  80  ff  ff  ff  7e  02  31
  000363   403769.000   03d8   8   fd  00  64  fa  58  23  00  00
  000364   403778.000   024e   8   ff  ff  1c  00  00  00  ff  ff
  000365   403779.000   02ff   8   00  00  00  00  ff  ff  ff  ff
  000366   403783.000   033b   8   00  ff  01  eb  00  00  e4  00
  000367   403788.000   0252   8   03  00  0f  f7  ff  ff  ff  ff
  000368   403789.000   0318   8   00  00  00  00  00  00  ff  00
  000369   403798.000   02c3   8   04  04  00  01  00  00  ff  00
  000370   403808.000   02c2   4   1a  97  7c  00  00  00  00  00
  000371   403813.000   01c0   6   00  00  00  00  00  00  00  00
  000372   403818.000   0122   4   00  01  00  00  00  00  00  00
  000373   403819.000   0232   8   ff  ff  00  ff  00  00  00  01
  000374   403848.000   044a   8   01  00  00  00  00  00  00  20
  000375   403858.000   0322   8   ff  ff  00  00  3f  ff  ff  ff
  000376   403859.000   044c   8   7d  00  00  00  00  00  ff  ff
  000377   403868.000   03b3   8   01  30  72  01  e4  a3  07  10
  000378   403878.000   024e   8   ff  ff  1c  00  00  00  ff  ff
  000379   403879.000   02ff   8   00  00  00  00  ff  ff  ff  ff
  000380   403883.000   033b   8   00  ff  01  eb  00  00  e4  00
  000381   403888.000   0252   8   03  00  0f  f7  ff  ff  ff  ff
  000382   403889.000   0318   8   00  00  00  00  00  00  ff  00
  000383   403898.000   02c3   8   04  04  00  01  00  00  ff  00
  000384   403918.000   0122   4   00  01  00  00  00  00  00  00
  000385   403950.000   0401   8   fd  03  04  0f  01  00  00  01
  000386   403958.000   0322   8   ff  ff  00  00  3f  ff  ff  ff
  000387   403978.000   024e   8   ff  ff  1c  00  00  00  ff  ff
  000388   403979.000   02ff   8   00  00  00  00  ff  ff  ff  ff
  000389   403983.000   033b   8   00  ff  01  eb  00  00  e4  00
  000390   403988.000   0252   8   03  00  0f  f7  ff  ff  ff  ff
  000391   403989.000   0318   8   00  00  00  00  00  00  ff  00
  000392   403998.000   02c3   8   04  04  00  01  00  00  ff  00
  000393   404008.000   02c2   4   1a  97  7c  00  00  00  00  00
  000394   404013.000   01c0   6   00  00  00  00  00  00  00  00
  000395   404018.000   0122   4   00  01  00  00  00  00  00  00
  000396   404019.000   0232   8   ff  ff  00  ff  00  00  00  01
  000397   404048.000   0403   8   fd  3c  04  0f  01  00  00  01
  000398   404058.000   0322   8   ff  ff  00  00  3f  ff  ff  ff
  000399   404078.000   024e   8   ff  ff  1c  00  00  00  ff  ff
  000400   404079.000   02ff   8   00  00  00  00  ff  ff  ff  ff
  000401   404083.000   033b   8   00  ff  01  eb  00  00  e4  00
  000402   404088.000   0230   8   00  6a  36  08  00  00  00  00
  000403   404089.000   0252   8   03  00  0f  f7  ff  ff  ff  ff
  000404   404090.000   0318   8   00  00  00  00  00  00  ff  00
  000405   404098.000   02c3   8   04  04  00  01  00  00  ff  00
  000406   404108.000   0339   2   f0  f0  00  00  00  00  00  00
  000407   404128.000   0122   4   00  01  00  00  00  00  00  00
  000408   404128.000   0248   8   00  00  ff  ff  ff  03  ff  ff
  000409   404133.000   043c   8   fd  3f  04  0f  01  00  00  01
  000410   404138.000   01c8   4   00  00  00  00  00  00  00  00
  000411   404139.000   02fa   8   01  01  00  1a  00  ff  00  00
  000412   404158.000   0322   8   ff  ff  00  00  3f  ff  ff  ff
  000413   404168.000   0332   8   18  ff  ff  41  ff  08  ff  00
  000414   404178.000   024e   8   ff  ff  1c  00  00  00  ff  ff
  000415   404179.000   02ff   8   00  00  00  00  ff  ff  ff  ff
  000416   404183.000   033b   8   00  ff  01  eb  00  00  e4  00
  000417   404188.000   0252   8   03  00  0f  f7  ff  ff  ff  ff
  000418   404189.000   0318   8   00  00  00  00  00  00  ff  00
  000419   404198.000   02c3   8   04  04  00  01  00  00  ff  00
  000420   404208.000   02c2   4   1a  97  7c  00  00  00  00  00
  000421   404214.000   01c0   6   00  00  00  00  00  00  00  00
  000422   404218.000   0122   4   00  01  00  00  00  00  00  00
  000423   404219.000   0232   8   ff  ff  00  ff  00  00  00  01
  000424   404248.000   0122   4   00  02  00  00  00  00  00  00
  000425   404249.000   0395   8   03  ff  07  ff  00  00  30  00
  000426   404258.000   0322   8   ff  ff  00  00  3f  ff  ff  ff
  000427   404278.000   024e   8   ff  ff  1c  00  00  00  ff  ff
  000428   404279.000   02ff   8   00  00  00  00  ff  ff  ff  ff
  000429   404283.000   033b   8   00  ff  01  eb  00  00  e4  00
  000430   404288.000   0122   4   05  02  00  00  00  00  00  00
  000431   404289.000   0252   8   03  00  0f  f7  ff  ff  ff  ff
  000432   404290.000   0318   8   00  00  00  00  00  00  ff  00
  000433   404298.000   02c3   8   04  04  00  01  00  00  ff  00
  000434   404308.000   034e   8   7f  7f  7f  7f  00  0f  00  7f
  000435   404318.000   0122   4   05  02  00  00  00  00  00  00
  000436   404330.000   0401   8   fd  03  04  0f  01  00  00  01
  000437   404358.000   0322   8   ff  ff  00  00  3f  ff  ff  ff
  000438   404368.000   0332   8   18  ff  df  41  ff  08  ff  00
  000439   404378.000   024e   8   ff  ff  1c  00  00  00  ff  ff
  000440   404379.000   02ff   8   00  00  00  00  ff  ff  ff  ff
  000441   404383.000   033b   8   00  ff  01  eb  00  00  e4  00
  000442   404388.000   0252   8   03  00  0f  f7  80  00  80  80
  000443   404389.000   0318   8   00  00  00  00  00  00  ff  00
  000444   404398.000   02c3   8   04  04  00  01  00  00  ff  00
  000445   404408.000   02c2   4   1a  97  7a  00  00  00  00  00
  000446   404413.000   01c0   6   00  00  00  00  00  00  00  00
  000447   404418.000   0122   4   05  02  00  00  00  00  00  00
  000448   404419.000   0232   8   ff  ff  00  ff  00  00  00  01
  000449   404428.000   030a   8   04  80  00  ff  ff  7e  02  31
  000450   404429.000   0403   8   fd  3c  04  0f  01  00  00  01
  000451   404430.000   0340   8   ff  ff  ff  00  00  80  00  00
  000452   404435.000   03e0   8   00  31  43  34  48  4a  58  46
  000453   404448.000   030a   8   04  80  00  61  ff  7e  02  31
  000454   404449.000   0340   8   ff  ff  7f  00  00  80  00  00
  000455   404458.000   0322   8   00  00  00  00  3f  ff  ff  ff
  000456   404459.000   030e   8   00  e4  1c  15  07  ff  07  ff
  000457   404478.000   024e   8   ff  ff  00  00  00  00  ff  ff
  000458   404479.000   02ff   8   00  00  00  00  ff  ff  ff  ff
  000459   404483.000   033b   8   00  ff  01  eb  00  00  e4  00
  000460   404488.000   0252   8   03  00  0f  f7  80  00  80  80
  000461   404489.000   030a   8   04  80  00  61  ff  00  02  31
  000462   404490.000   0318   8   00  00  00  00  00  00  ff  00
  000463   404498.000   02c3   8   04  04  00  01  00  00  ff  00
  000464   404512.000   043c   8   fd  3f  04  0f  01  00  00  01
  000465   404518.000   0122   4   05  02  00  00  00  00  00  00
  000466   404528.000   030a   8   04  80  00  61  fc  00  02  31
  000467   404529.000   0332   8   18  50  d8  40  00  08  ff  00
  000468   404530.000   0340   8   ff  ff  7d  00  00  80  00  00
  000469   404536.000   03e0   8   01  47  37  4a  57  33  31  32
  000470   404548.000   0122   4   15  02  00  00  00  00  00  00
  000471   404558.000   0322   8   00  00  00  00  37  ff  ff  ff
  000472   404578.000   024e   8   ff  ff  00  00  00  00  ff  ff
  000473   404579.000   02ff   8   00  00  00  00  ff  ff  ff  ff
  000474   404583.000   033b   8   00  ff  01  eb  00  00  e4  00
  000475   404588.000   0252   8   03  00  0f  f7  80  00  80  80
  000476   404589.000   0230   8   00  6a  36  08  00  00  00  00
  000477   404590.000   0318   8   00  00  00  00  00  00  ff  00
  000478   404593.000   034e   8   7f  7f  7f  7f  00  0f  00  7f
  000479   404595.000   02d3   8   07  00  00  00  00  00  00  00
  000480   404598.000   02c3   8   04  04  00  01  00  00  ff  00
  000481   404599.000   033c   8   00  00  03  e8  00  00  00  00
  000482   404600.000   03c9   4   7b  44  00  00  00  00  00  00
  000483   404603.000   033a   8   1a  04  2f  7f  7f  7f  7f  7f
  000484   404605.000   0273   8   00  00  00  00  00  00  00  00
  000485   404608.000   02c2   4   1a  97  7a  00  00  00  00  00
  000486   404609.000   030e   8   00  e4  1c  15  07  ff  07  ff
  000487   404609.000   0339   2   f0  f0  00  00  00  00  00  00
  000488   404613.000   01c0   6   00  00  00  00  00  00  00  00
  000489   404616.000   02d4   8   00  00  00  00  00  00  00  00
  000490   404618.000   0122   4   15  02  00  00  00  00  00  00
  000491   404619.000   0232   8   ff  65  00  ff  00  00  00  01
  000492   404628.000   0248   8   00  00  ff  ff  ff  03  ff  ff
  000493   404629.000   039e   8   00  00  00  00  00  00  00  00
  000494   404636.000   03e0   8   02  39  32  36  00  00  00  00
  000495   404638.000   01c8   4   00  00  00  00  00  00  00  00
  000496   404639.000   02fa   8   01  01  00  1a  00  ff  00  00
  000497   404658.000   02ad   8   00  00  00  00  00  00  00  00
  000498   404659.000   0322   8   00  00  00  00  37  ff  ff  ff
  000499   404668.000   0332   8   18  50  d8  40  5b  08  ff  00
  000500   404678.000   024e   8   ff  ff  00  00  00  00  ff  ff
  000501   404679.000   02ff   8   00  00  00  00  ff  ff  ff  ff
  000502   404683.000   033b   8   00  ff  01  eb  00  00  e4  00
  000503   404688.000   0252   8   03  00  0f  f7  80  00  80  80
  000504   404689.000   0318   8   00  00  00  00  00  00  ff  00
  000505   404690.000   0340   8   ff  ff  7d  00  00  80  00  00
  000506   404698.000   02c3   8   04  04  00  01  00  00  ff  00
  000507   404699.000   03de   8   36  00  00  00  03  00  d0  01
  000508   404708.000   02f8   8   00  ff  f0  00  00  00  28  00
  000509   404709.000   03d2   4   09  6b  74  00  00  00  00  00
  000510   404710.000   0401   8   fd  03  04  0f  01  00  00  01
  000511   404718.000   0122   4   15  02  00  00  00  00  00  00
  000512   404719.000   032a   8   00  00  00  00  00  00  d8  ab
  000513   404720.000   03b2   8   03  00  a8  00  f0  ff  ff  00
  000514   404728.000   03a2   6   00  00  01  01  ff  00  00  00
  000515   404736.000   03e0   8   00  31  43  34  48  4a  58  46
  000516   404738.000   022d   8   ff  06  00  00  00  00  00  00
  000517   404739.000   0358   4   ff  01  ff  00  00  00  00  00
  000518   404748.000   0395   8   03  ff  07  ff  00  00  30  00
  000519   404758.000   0322   8   00  00  00  00  37  ff  ff  ff
  000520   404768.000   030a   8   04  80  00  61  fc  00  02  31
  000521   404778.000   024e   8   ff  ff  00  00  00  00  ff  ff
  000522   404779.000   02ff   8   00  00  00  00  ff  ff  ff  ff
  000523   404783.000   033b   8   00  ff  01  eb  00  00  e4  00
  000524   404788.000   0252   8   03  00  0f  f7  80  00  80  80
  000525   404789.000   0318   8   00  00  00  00  00  00  ff  00
  000526   404798.000   02c3   8   04  04  00  01  00  00  ff  00
  000527   404808.000   02c2   4   1a  97  67  00  00  00  00  00
  000528   404809.000   0403   8   fd  3c  04  0f  01  00  00  01
  000529   404813.000   01c0   6   00  00  00  00  00  00  00  00
  000530   404818.000   0122   4   15  02  00  00  00  00  00  00
  000531   404819.000   0232   8   ff  65  00  ff  00  00  00  01
  000532   404836.000   03e0   8   01  47  37  4a  57  33  31  32
  000533   404858.000   0322   8   00  8d  00  00  37  ff  ff  ff
  000534   404878.000   024e   8   ff  ff  04  00  00  00  ff  ff
  000535   404879.000   02ff   8   00  00  00  00  ff  ff  ff  ff
  000536   404883.000   033b   8   00  ff  01  eb  00  00  e4  00
  000537   404888.000   0252   8   03  00  0f  f7  80  00  80  80
  000538   404889.000   0318   8   00  00  00  00  00  00  ff  00
  000539   404892.000   043c   8   fd  3f  04  0f  01  00  00  01
  000540   404898.000   02c3   8   04  04  00  01  00  00  ff  00
  000541   404918.000   0122   4   15  02  00  00  00  00  00  00
  000542   404936.000   03e0   8   02  39  32  36  00  00  00  00
  000543   404958.000   0322   8   00  ad  00  00  37  ff  ff  ff
  000544   404978.000   024e   8   ff  ff  04  00  00  00  ff  ff
  000545   404979.000   02ff   8   00  00  00  00  ff  ff  ff  ff
  000546   404983.000   033b   8   00  ff  01  eb  00  00  e4  00
  000547   404988.000   0252   8   03  00  0f  f7  80  00  80  80
  000548   404989.000   0318   8   00  00  00  00  00  00  ff  00
  000549   404998.000   02c3   8   04  04  00  01  00  00  ff  00
  000550   405008.000   02c2   4   1a  97  70  00  00  00  00  00
  000551   405013.000   01c0   6   00  00  00  00  00  00  00  00
  000552   405018.000   0122   4   15  02  00  00  00  00  00  00
  000553   405019.000   0232   8   ff  65  00  ff  00  00  00  01
  000554   405036.000   03e0   8   00  31  43  34  48  4a  58  46
  000555   405046.000   03cd   8   40  15  00  00  00  00  00  00
  000556   405058.000   0322   8   00  c7  00  00  37  ff  ff  ff
  000557   405078.000   024e   8   ff  ff  04  00  00  00  ff  ff
  000558   405079.000   02ff   8   00  00  00  00  ff  ff  ff  ff
  000559   405083.000   033b   8   00  ff  01  eb  00  00  e4  00
  000560   405088.000   0252   8   03  00  0f  f7  80  00  80  80
  000561   405089.000   0230   8   00  6a  36  08  00  00  00  00
  000562   405090.000   0318   8   00  00  00  00  00  00  ff  00
  000563   405098.000   02c3   8   04  04  00  01  00  00  ff  00
  000564   405108.000   0339   2   f0  f0  00  00  00  00  00  00
  000565   405118.000   0122   4   15  02  00  00  00  00  00  00
  000566   405128.000   0248   8   00  00  ff  ff  ff  03  ff  ff
  000567   405140.000   03e0   8   01  47  37  4a  57  33  31  32
  000568   405140.000   01c8   4   00  00  00  00  00  00  00  00
  000569   405141.000   02fa   8   01  01  00  1a  00  ff  00  00
  000570   405152.000   043c   8   fe  3c  3f  ff  ff  ff  ff  ff
  000571   405158.000   0322   8   00  ff  00  00  37  ff  ff  ff
  000572   405159.000   0403   8   fe  03  3f  ff  ff  ff  ff  ff
  000573   405168.000   0332   8   18  50  d8  40  5b  08  ff  00
  000574   405170.000   0401   8   fe  01  3f  ff  ff  ff  ff  ff
  000575   405178.000   024e   8   ff  ff  04  00  00  00  ff  ff
  000576   405179.000   02ff   8   00  00  00  00  ff  ff  ff  ff
  000577   405183.000   033b   8   00  ff  01  eb  00  00  e4  00
  000578   405188.000   0252   8   03  00  0f  f7  80  00  80  80
  000579   405189.000   0318   8   00  00  00  00  00  00  ff  00
  000580   405198.000   02c3   8   04  04  00  01  00  00  ff  00
  000581   405208.000   02c2   4   1a  97  74  00  00  00  00  00
  000582   405213.000   01c0   6   00  00  00  00  00  00  00  00
  000583   405218.000   0122   4   15  02  00  00  00  00  00  00
  000584   405219.000   0232   8   ff  65  00  ff  00  00  00  01
  000585   405236.000   03e0   8   02  39  32  36  00  00  00  00
  000586   405248.000   0395   8   03  ff  07  ff  00  00  30  00
  000587   405252.000   043c   8   fd  01  3f  ff  ff  ff  ff  ff
  000588   405258.000   0322   8   03  03  00  00  37  ff  ff  ff
  000589   405278.000   024e   8   ff  ff  10  00  00  00  ff  ff
  000590   405279.000   02ff   8   00  00  00  00  ff  ff  ff  ff
  000591   405283.000   033b   8   00  ff  01  eb  00  00  e4  00
  000592   405288.000   0122   4   04  02  00  00  00  00  00  00
  000593   405289.000   0252   8   03  00  0f  f7  80  00  80  80
  000594   405290.000   0318   8   00  00  00  00  00  00  ff  00
  000595   405291.000   0340   8   ff  ff  7d  00  30  80  00  00
  000596   405292.000   03de   8   36  00  00  00  03  00  d1  01
  000597   405296.000   03cd   8   40  11  00  00  00  00  00  00
  000598   405298.000   022d   8   84  00  00  00  00  00  00  00
  000599   405299.000   02c3   8   04  04  00  01  00  00  ff  00
  000600   405318.000   0122   4   04  02  00  00  00  00  00  00
  000601   405319.000   0340   8   ff  ff  3d  00  30  80  00  00
  000602   405336.000   03e0   8   00  31  43  34  48  4a  58  46
  000603   405350.000   0401   8   fd  3c  3f  ff  ff  ff  ff  ff
  000604   405358.000   0322   8   04  73  00  00  37  ff  ff  ff
  000605   405359.000   0403   8   fe  3c  3f  ff  ff  ff  ff  ff
  000606   405378.000   024e   8   ff  ff  10  00  00  00  ff  ff
  000607   405379.000   02ff   8   00  00  00  ac  ff  ff  ff  ff
  000608   405383.000   033b   8   00  ff  01  eb  00  00  e4  00
  000609   405388.000   0252   8   03  00  0f  f7  80  00  80  80
  000610   405389.000   0318   8   00  00  00  00  00  00  ff  00
  000611   405398.000   02c3   8   04  04  00  01  00  00  ff  00
  000612   405408.000   02c2   4   1a  97  78  00  00  00  00  00
  000613   405409.000   033c   8   00  31  01  f6  00  00  00  00
  000614   405413.000   01c0   6   00  00  00  00  00  00  00  00
  000615   405418.000   0122   4   04  02  00  00  00  00  00  00
  000616   405419.000   0232   8   ff  65  00  ff  00  00  00  01
  000617   405432.000   043c   8   fd  01  3f  ff  ff  ff  ff  ff
  000618   405436.000   03e0   8   01  47  37  4a  57  33  31  32
  000619   405458.000   0322   8   05  4b  00  00  37  ff  ff  ff
  000620   405478.000   024e   8   ff  ff  10  00  00  00  ff  ff
  000621   405479.000   02ff   8   00  00  00  8e  ff  ff  ff  ff
  000622   405483.000   033b   8   00  ff  01  eb  00  00  e4  00
  000623   405488.000   0252   8   03  00  0f  f7  80  00  80  80
  000624   405489.000   0318   8   00  00  00  00  00  00  ff  00
  000625   405498.000   02c3   8   04  04  00  01  00  00  ff  00
  000626   405518.000   0122   4   04  02  00  00  00  00  00  00
  000627   405530.000   0401   8   fd  03  3f  ff  ff  ff  ff  ff
  000628   405536.000   03e0   8   02  39  32  36  00  00  00  00
  000629   405558.000   0322   8   05  a3  00  00  37  ff  ff  ff
  000630   405578.000   024e   8   ff  ff  10  00  00  00  ff  ff
  000631   405579.000   02c6   8   41  23  05  13  00  00  00  01
  000632   405580.000   02ff   8   00  00  00  77  ff  ff  ff  ff
  000633   405583.000   033b   8   00  ff  01  eb  00  00  e4  00
  000634   405588.000   0230   8   00  6a  36  08  00  00  00  00
  000635   405589.000   0252   8   03  00  0f  f7  80  00  80  80
  000636   405590.000   0318   8   00  00  00  00  00  00  ff  00
  000637   405593.000   034e   8   7f  7f  7f  7f  00  0f  00  7f
  000638   405594.000   02d3   8   07  00  00  00  00  00  00  00
  000639   405598.000   02c3   8   04  04  00  01  00  00  ff  00
  000640   405599.000   033c   8   00  31  01  f6  00  00  00  00
  000641   405600.000   03c9   4   7b  44  00  00  00  00  00  00
  000642   405601.000   03f4   8   11  0f  ff  20  02  00  00  84
  000643   405603.000   033a   8   1a  04  2f  7f  7f  7f  7f  7f
  000644   405604.000   0273   8   00  00  00  00  00  00  00  00
  000645   405608.000   02c2   4   1a  97  79  00  00  00  00  00
  000646   405609.000   030e   8   00  e4  1c  15  07  ff  07  ff
  000647   405609.000   0339   2   f0  f0  00  00  00  00  00  00
  000648   405613.000   01c0   6   00  00  00  00  00  00  00  00
  000649   405614.000   02d4   8   00  00  00  00  00  00  00  00
  000650   405618.000   0122   4   04  02  00  00  00  00  00  00
  000651   405619.000   0232   8   ff  65  00  ff  00  00  00  01
  000652   405620.000   03f2   8   5d  02  b2  01  09  20  10  06
  000653   405628.000   0248   8   00  00  ff  ff  ff  03  ff  ff
  000654   405629.000   0403   8   fd  3c  3f  ff  ff  ff  ff  ff
  000655   405630.000   039e   8   00  00  00  00  00  00  00  00
  000656   405636.000   03e0   8   00  31  43  34  48  4a  58  46
  000657   405638.000   01c8   4   00  00  00  00  00  00  00  00
  000658   405639.000   02fa   8   01  01  00  1a  00  ff  00  00
  000659   405648.000   03b4   8   35  80  00  00  00  00  04  00
  000660   405649.000   03eb   8   43  e8  10  04  0f  a0  09  c4
  000661   405658.000   02ad   8   00  00  00  00  00  00  00  00
  000662   405659.000   0322   8   05  9b  00  00  37  ff  ff  ff
  000663   405660.000   03ea   8   41  57  2c  08  b5  34  41  a4
  000664   405668.000   0332   8   18  50  d8  40  5b  08  ff  00
  000665   405669.000   03e9   8   01  58  66  00  25  25  00  00
  000666   405678.000   024e   8   ff  ff  10  00  00  00  ff  ff
  000667   405679.000   02ff   8   00  00  00  62  ff  ff  ff  ff
  000668   405680.000   03e8   8   49  31  a2  53  00  0e  51  5c
  000669   405683.000   033b   8   00  ff  01  eb  00  00  e4  00
  000670   405688.000   0252   8   03  00  0f  f7  80  00  80  80
  000671   405689.000   0318   8   00  00  00  00  00  00  ff  00
  000672   405690.000   0340   8   ff  ff  3d  00  30  80  00  00
  000673   405691.000   03e4   8   81  df  88  46  0e  00  00  00
  000674   405698.000   02c3   8   04  04  00  01  00  00  ff  00
  000675   405699.000   03de   8   36  00  00  00  03  00  d1  01
  000676   405700.000   03e3   8   31  04  10  08  00  00  00  00
  000677   405708.000   02f8   8   00  ff  f0  00  00  00  28  00
  000678   405709.000   03d2   4   09  6b  74  00  00  00  00  00
  000679   405712.000   043c   8   fd  01  3f  ff  ff  ff  ff  ff
  000680   405718.000   0122   4   04  02  00  00  00  00  00  00
  000681   405719.000   032a   8   00  00  00  00  00  00  d8  ab
  000682   405720.000   03b2   8   03  00  a8  00  f0  ff  ff  00
  000683   405726.000   031e   6   00  80  00  c0  00  00  00  00
  000684   405728.000   02c5   8   01  ee  ee  1c  05  00  00  00
  000685   405729.000   03a2   6   00  00  01  01  ff  00  00  00
  000686   405736.000   03cd   8   40  11  00  00  00  00  00  00
  000687   405737.000   03e0   8   01  47  37  4a  57  33  31  32
  000688   405738.000   022d   8   84  00  00  00  00  00  00  00
  000689   405739.000   0358   4   ff  01  ff  00  00  00  00  00
  000690   405748.000   0381   8   89  8d  00  08  00  04  00  00
  000691   405749.000   0395   8   03  ff  07  ff  00  00  30  00
  000692   405758.000   0322   8   05  52  00  00  37  ff  ff  ff
  000693   405759.000   038a   8   01  00  00  00  00  00  00  00
  000694   405768.000   030a   8   04  80  00  61  fc  00  02  31
  000695   405769.000   03d8   8   fd  00  64  fa  58  23  00  00
  000696   405778.000   024e   8   ff  ff  10  00  00  00  ff  ff
  000697   405779.000   02ff   8   00  00  00  52  ff  ff  ff  ff
  000698   405783.000   033b   8   00  ff  01  eb  00  00  e4  00
  000699   405788.000   0252   8   03  00  0f  f7  80  00  80  80
  000700   405789.000   0318   8   00  00  00  00  00  00  ff  00
  000701   405798.000   02c3   8   04  04  00  01  00  00  ff  00
  000702   405808.000   02c2   4   1a  97  7a  00  00  00  00  00
  000703   405810.000   0401   8   fd  03  3f  ff  ff  ff  ff  ff
  000704   405813.000   01c0   6   00  00  00  00  00  00  00  00
  000705   405818.000   0122   4   04  02  00  00  00  00  00  00
  000706   405819.000   0232   8   ff  65  00  ff  00  00  00  01
  000707   405836.000   03e0   8   02  39  32  36  00  00  00  00
  000708   405848.000   044a   8   01  00  00  00  00  00  00  20
  000709   405858.000   0322   8   05  0d  00  00  37  ff  ff  ff
  000710   405859.000   044c   8   7d  00  00  00  00  00  ff  ff
  000711   405868.000   03b3   8   01  30  72  01  e4  a3  07  10
  000712   405878.000   024e   8   ff  ff  10  00  00  00  ff  ff
  000713   405879.000   02ff   8   00  00  00  44  ff  ff  ff  ff
  000714   405883.000   033b   8   00  ff  01  eb  00  00  e4  00
  000715   405888.000   0252   8   03  00  0f  f7  80  00  80  80
  000716   405889.000   0318   8   00  00  00  00  00  00  ff  00
  000717   405899.000   02c3   8   04  04  00  01  00  00  ff  00
  000718   405908.000   0403   8   fd  3c  3f  ff  ff  ff  ff  ff
  000719   405918.000   0122   4   04  02  00  00  00  00  00  00
  000720   405936.000   03e0   8   00  31  43  34  48  4a  58  46
  000721   405958.000   0322   8   04  b4  00  00  37  ff  ff  ff
  000722   405978.000   024e   8   ff  ff  10  00  00  00  ff  ff
  000723   405979.000   02ff   8   00  00  00  39  ff  ff  ff  ff
  000724   405983.000   033b   8   00  ff  01  eb  00  00  e4  00
  000725   405988.000   0252   8   03  00  0f  f7  80  00  80  80
  000726   405989.000   0318   8   00  00  00  00  00  00  ff  00
  000727   405992.000   043c   8   fd  3f  3f  ff  ff  ff  ff  ff
  000728   405998.000   02c3   8   04  04  00  01  00  00  ff  00
  000729   406008.000   02c2   4   1a  97  7b  00  00  00  00  00
  000730   406013.000   01c0   6   00  00  00  00  00  00  00  00
  000731   406018.000   0122   4   04  02  00  00  00  00  00  00
  000732   406019.000   0232   8   ff  65  00  ff  00  00  00  01
  000733   406036.000   03e0   8   01  47  37  4a  57  33  31  32
  000734   406058.000   0322   8   04  9c  00  00  37  ff  ff  ff
  000735   406078.000   024e   8   ff  ff  10  00  00  00  ff  ff
  000736   406079.000   02ff   8   00  00  00  30  ff  ff  ff  ff
  000737   406083.000   033b   8   00  ff  01  eb  00  00  e4  00
  000738   406088.000   0230   8   00  6a  36  08  00  00  00  00
  000739   406089.000   0252   8   03  00  0f  f7  80  00  80  80
  000740   406090.000   0318   8   00  00  00  00  00  00  ff  00
  000741   406091.000   0401   8   fe  03  3f  ff  ff  ff  ff  ff
  000742   406098.000   02c3   8   04  04  00  01  00  00  ff  00
  000743   406108.000   0339   2   f0  f0  00  00  00  00  00  00
  000744   406118.000   0122   4   04  02  00  00  00  00  00  00
  000745   406128.000   0248   8   00  00  ff  ff  ff  03  ff  ff
  000746   406136.000   03e0   8   02  39  32  36  00  00  00  00
  000747   406138.000   01c8   4   00  00  00  00  00  00  00  00
  000748   406139.000   02fa   8   01  01  00  1a  00  ff  00  00
  000749   406158.000   022d   8   83  00  00  00  00  00  00  00
  000750   406159.000   0322   8   04  6e  00  00  37  ff  ff  ff
  000751   406168.000   0332   8   18  50  d8  40  5b  08  ff  00
  000752   406169.000   0403   8   fd  3c  3f  ff  ff  ff  ff  ff
  000753   406178.000   024e   8   ff  ff  10  00  00  00  ff  ff
  000754   406179.000   02ff   8   00  00  00  27  ff  ff  ff  ff
  000755   406183.000   033b   8   00  ff  01  eb  00  00  e4  00
  000756   406188.000   0252   8   03  00  0f  f7  80  4f  80  80
  000757   406189.000   0318   8   00  00  00  00  00  00  ff  00
  000758   406198.000   02c3   8   04  04  00  01  00  00  ff  00
  000759   406208.000   02c2   4   1a  97  7c  00  00  00  00  00
  000760   406213.000   01c0   6   00  00  00  00  00  00  00  00
  000761   406218.000   0122   4   04  02  00  00  00  00  00  00
  000762   406219.000   0232   8   ff  65  00  ff  00  00  00  01
  000763   406225.000   031e   6   00  80  00  c0  00  00  00  00
  000764   406236.000   03e0   8   00  31  43  34  48  4a  58  46
  000765   406248.000   0395   8   03  ff  07  ff  00  00  30  00
  000766   406252.000   043c   8   fd  3f  3f  ff  ff  ff  ff  ff
  000767   406258.000   0322   8   04  56  00  00  37  ff  ff  ff
  000768   406278.000   024e   8   ff  ff  10  00  00  00  ff  ff
  000769   406279.000   02ff   8   00  00  00  21  ff  ff  ff  ff
  000770   406283.000   033b   8   00  ff  01  eb  00  00  e4  00
  000771   406288.000   0252   8   03  00  0f  f7  80  47  80  80
  000772   406289.000   0318   8   00  00  00  00  00  00  ff  00
  000773   406298.000   02c3   8   04  04  00  01  00  00  ff  00
  000774   406318.000   0122   4   04  02  00  00  00  00  00  00
  000775   406335.000   03e0   8   01  47  37  4a  57  33  31  32
  000776   406358.000   0322   8   04  52  00  00  37  ff  ff  ff
  000777   406378.000   024e   8   ff  ff  10  00  00  00  ff  ff
  000778   406379.000   02ff   8   00  91  00  1b  ff  ff  ff  ff
  000779   406383.000   033b   8   00  ff  01  eb  00  00  e4  00
  000780   406388.000   0252   8   03  00  0f  f7  80  47  80  7f
  000781   406389.000   0318   8   00  00  00  00  00  00  ff  00
  000782   406398.000   02c3   8   04  04  00  01  00  00  ff  00
  000783   406408.000   02c2   4   1a  97  7d  00  00  00  00  00
  000784   406413.000   01c0   6   00  00  00  00  00  00  00  00
  000785   406418.000   0122   4   04  02  00  00  00  00  00  00
  000786   406419.000   0232   8   ff  65  00  ff  00  00  00  01
  000787   406430.000   0401   8   fd  03  3f  ff  ff  ff  ff  ff
  000788   406436.000   03e0   8   02  39  32  36  00  00  00  00
  000789   406458.000   0322   8   04  43  00  00  37  ff  ff  ff
  000790   406478.000   024e   8   ff  ff  10  00  00  00  ff  ff
  000791   406479.000   02ff   8   00  91  00  17  ff  ff  ff  ff
  000792   406483.000   033b   8   00  ff  01  eb  00  00  e4  00
  000793   406488.000   0252   8   03  00  0f  f7  80  47  80  80
  000794   406489.000   0318   8   00  00  00  00  00  00  ff  00
  000795   406498.000   02c3   8   04  04  00  01  00  00  ff  00
  000796   406518.000   0122   4   04  02  00  00  00  00  00  00
  000797   406528.000   0403   8   fd  3c  3f  ff  ff  ff  ff  ff
  000798   406536.000   03e0   8   00  31  43  34  48  4a  58  46
  000799   406538.000   030a   8   04  80  00  62  fc  00  02  31
  000800   406558.000   0322   8   04  3f  00  00  37  ff  ff  ff
  000801   406578.000   024e   8   ff  ff  10  00  00  00  ff  ff
  000802   406579.000   02ff   8   00  91  00  12  ff  ff  ff  ff
  000803   406583.000   033b   8   00  ff  01  eb  00  00  e4  00
  000804   406588.000   0230   8   00  6a  36  08  00  00  00  00
  000805   406589.000   0252   8   03  00  0f  f7  80  4f  80  7f
  000806   406590.000   0318   8   00  00  00  00  00  00  ff  00
  000807   406593.000   034e   8   7f  7f  7f  7f  00  0f  00  7f
  000808   406594.000   02d3   8   07  00  00  00  00  00  00  00
  000809   406598.000   033c   8   00  31  01  f6  00  00  00  00
  000810   406599.000   02c3   8   04  04  00  01  00  00  ff  00
  000811   406600.000   03c9   4   7b  44  00  00  00  00  00  00
  000812   406603.000   033a   8   1a  04  2f  7f  7f  7f  7f  7f
  000813   406604.000   0273   8   00  00  00  00  00  00  00  00
  000814   406608.000   02c2   4   1a  97  7e  00  00  00  00  00
  000815   406609.000   030e   8   00  e4  1c  15  07  ff  07  ff
  000816   406610.000   0339   2   f0  f0  00  00  00  00  00  00
  000817   406612.000   043c   8   fd  3f  3f  ff  ff  ff  ff  ff
  000818   406613.000   01c0   6   00  00  00  00  00  00  00  00
  000819   406614.000   02d4   8   00  00  00  00  00  00  00  00
  000820   406618.000   0122   4   04  02  00  00  00  00  00  00
  000821   406619.000   0232   8   ff  65  00  ff  00  00  00  01
  000822   406628.000   0248   8   00  00  ff  ff  ff  03  ff  ff
  000823   406629.000   039e   8   00  00  00  00  00  00  00  00
  000824   406635.000   03e0   8   01  47  37  4a  57  33  31  32
  000825   406638.000   01c8   4   00  00  00  00  00  00  00  00
  000826   406639.000   02fa   8   01  01  00  1a  00  ff  00  00
  000827   406658.000   022d   8   84  00  00  00  00  00  00  00
  000828   406659.000   02ad   8   00  00  00  00  00  00  00  00
  000829   406660.000   0322   8   04  33  00  00  37  ff  ff  ff
  000830   406668.000   0332   8   18  50  d8  40  5b  08  ff  00
  000831   406678.000   024e   8   ff  ff  10  00  00  00  ff  ff
  000832   406679.000   02ff   8   00  91  00  10  ff  ff  ff  ff
  000833   406683.000   033b   8   00  ff  01  eb  00  00  e4  00
  000834   406688.000   0252   8   03  00  0f  f7  80  3f  80  7f
  000835   406689.000   0318   8   00  00  00  00  00  00  ff  00
  000836   406690.000   0340   8   ff  ff  3d  00  30  80  00  00
  000837   406698.000   02c3   8   04  04  00  01  00  00  ff  00
  000838   406699.000   03de   8   36  00  00  00  03  00  d1  01
  000839   406708.000   02f8   8   00  ff  f0  00  00  00  28  00
  000840   406709.000   03d2   4   09  6b  74  00  00  00  00  00
  000841   406718.000   0122   4   04  02  00  00  00  00  00  00
  000842   406719.000   032a   8   00  00  00  00  00  00  d8  ab
  000843   406720.000   03b2   8   03  00  a8  00  f0  ff  ff  00
  000844   406725.000   031e   6   00  80  00  c0  00  00  00  00
  000845   406728.000   03a2   6   00  00  01  01  ff  00  00  00
  000846   406736.000   03e0   8   02  39  32  36  00  00  00  00
  000847   406738.000   022d   8   84  00  00  00  00  00  00  00
  000848   406739.000   0358   4   ff  01  ff  00  00  00  00  00
  000849   406748.000   0395   8   03  ff  07  ff  00  00  30  00
  000850   406758.000   0322   8   04  27  00  00  37  ff  ff  ff
  000851   406768.000   030a   8   04  80  00  62  fc  00  02  31
  000852   406778.000   024e   8   ff  ff  10  00  00  00  ff  ff
  000853   406779.000   02ff   8   00  91  00  0d  ff  ff  ff  ff
  000854   406783.000   033b   8   00  ff  01  eb  00  00  e4  00
  000855   406788.000   0252   8   03  00  0f  f7  80  47  80  80
  000856   406789.000   0318   8   00  00  00  00  00  00  ff  00
  000857   406790.000   0401   8   fd  03  3f  ff  ff  ff  ff  ff
  000858   406798.000   02c3   8   04  04  00  01  00  00  ff  00
  000859   406808.000   02c2   4   1a  97  7e  00  00  00  00  00
  000860   406813.000   01c0   6   00  00  00  00  00  00  00  00
  000861   406818.000   0122   4   04  02  00  00  00  00  00  00
  000862   406819.000   0232   8   ff  64  00  ff  00  00  00  01
  000863   406835.000   03e0   8   00  31  43  34  48  4a  58  46
  000864   406858.000   0322   8   04  28  00  00  37  ff  ff  ff
  000865   406878.000   024e   8   ff  ff  10  00  00  00  ff  ff
  000866   406879.000   02ff   8   00  91  00  0b  ff  ff  ff  ff
  000867   406883.000   033b   8   00  ff  01  eb  00  00  e4  00
  000868   406888.000   0252   8   03  00  0f  f7  80  47  80  7f
  000869   406889.000   0403   8   fd  3c  04  0f  00  00  00  01
  000870   406890.000   0318   8   00  00  00  00  00  00  ff  00
  000871   406898.000   02c3   8   04  04  00  01  00  00  ff  00
  000872   406918.000   0122   4   04  02  00  00  00  00  00  00
  000873   406936.000   03e0   8   01  47  37  4a  57  33  31  32
  000874   406958.000   0322   8   04  22  00  00  37  ff  ff  ff
  000875   406972.000   043c   8   fd  3f  04  0f  00  00  00  01
  000876   406978.000   024e   8   ff  ff  10  00  00  00  ff  ff
  000877   406979.000   02ff   8   00  91  00  09  ff  ff  ff  ff
  000878   406983.000   033b   8   00  ff  01  eb  00  00  e4  00
  000879   406988.000   0252   8   03  00  0f  f7  80  4f  80  7f
  000880   406989.000   0318   8   00  00  00  00  00  00  ff  00
  000881   406998.000   02c3   8   04  04  00  01  00  00  ff  00
  000882   407008.000   02c2   4   1a  97  7f  00  00  00  00  00
  000883   407013.000   01c0   6   00  00  00  00  00  00  00  00
  000884   407018.000   0122   4   04  02  00  00  00  00  00  00
  000885   407019.000   0232   8   ff  64  00  ff  00  00  00  01
  000886   407036.000   03e0   8   02  39  32  36  00  00  00  00
  000887   407058.000   0322   8   04  1d  00  00  37  ff  ff  ff
  000888   407078.000   024e   8   ff  ff  10  00  00  00  ff  ff
  000889   407079.000   02ff   8   00  91  00  07  ff  ff  ff  ff
  000890   407083.000   033b   8   00  ff  01  eb  00  00  e4  00
  000891   407088.000   0230   8   00  6a  36  08  00  00  00  00
  000892   407089.000   0252   8   03  00  0f  f7  80  47  80  7f
  000893   407090.000   0318   8   00  00  00  00  00  00  ff  00
  000894   407098.000   02c3   8   04  04  00  01  00  00  ff  00
  000895   407108.000   0339   2   f0  f0  00  00  00  00  00  00
  000896   407118.000   0122   4   04  02  00  00  00  00  00  00
  000897   407128.000   0248   8   00  00  ff  ff  ff  03  ff  ff
  000898   407135.000   03e0   8   00  31  43  34  48  4a  58  46
  000899   407138.000   01c8   4   00  00  00  00  00  00  00  00
  000900   407139.000   02fa   8   01  01  00  1a  00  ff  00  00
  000901   407150.000   0401   8   fd  03  04  0f  00  00  00  01
  000902   407164.000   0322   8   04  13  00  00  37  ff  ff  ff
  000903   407168.000   0332   8   18  50  d8  40  5b  08  ff  00
  000904   407178.000   024e   8   ff  ff  10  00  00  00  ff  ff
  000905   407179.000   02ff   8   00  91  00  06  ff  ff  ff  ff
  000906   407183.000   033b   8   00  ff  01  eb  00  00  e4  00
  000907   407188.000   0252   8   03  00  0f  f7  80  4f  80  7f
  000908   407189.000   0318   8   00  00  00  00  00  00  ff  00
  000909   407198.000   02c3   8   04  04  00  01  00  00  ff  00
  000910   407208.000   02c2   4   1a  97  80  00  00  00  00  00
  000911   407213.000   01c0   6   00  00  00  00  00  00  00  00
  000912   407218.000   0122   4   04  02  00  00  00  00  00  00
  000913   407219.000   0232   8   ff  64  00  ff  00  00  00  01
  000914   407224.000   031e   6   00  80  00  c0  00  00  00  00
  000915   407235.000   03e0   8   01  47  37  4a  57  33  31  32
  000916   407248.000   0395   8   03  ff  07  ff  00  00  30  00
  000917   407249.000   0403   8   fd  3c  3f  ff  ff  ff  ff  ff
  000918   407258.000   0322   8   04  05  00  00  37  ff  ff  ff
  000919   407278.000   024e   8   ff  ff  10  00  00  00  ff  ff
  000920   407279.000   02ff   8   00  91  00  05  ff  ff  ff  ff
  000921   407283.000   033b   8   00  ff  01  eb  00  00  e4  00
  000922   407288.000   0252   8   03  00  0f  f7  80  47  80  7f
  000923   407289.000   0318   8   00  00  00  00  00  00  ff  00
  000924   407298.000   02c3   8   04  04  00  01  00  00  ff  00
  000925   407318.000   0122   4   04  02  00  00  00  00  00  00
  000926   407332.000   043c   8   fd  3f  3f  ff  ff  ff  ff  ff
  000927   407336.000   03e0   8   02  39  32  36  00  00  00  00
  000928   407358.000   0322   8   03  fc  00  00  37  ff  ff  ff
  000929   407378.000   024e   8   ff  ff  10  00  00  00  ff  ff
  000930   407379.000   02ff   8   00  91  00  04  ff  ff  ff  ff
  000931   407383.000   033b   8   00  ff  01  eb  00  00  e4  00
  000932   407388.000   0252   8   03  00  0f  f7  80  4f  80  7f
  000933   407389.000   0318   8   00  00  00  00  00  00  ff  00
  000934   407398.000   02c3   8   04  04  00  01  00  00  ff  00
  000935   407408.000   02c2   4   1a  97  81  00  00  00  00  00
  000936   407413.000   01c0   6   00  00  00  00  00  00  00  00
  000937   407418.000   0122   4   04  02  00  00  00  00  00  00
  000938   407419.000   0232   8   ff  64  00  ff  00  00  00  01
  000939   407435.000   03e0   8   00  31  43  34  48  4a  58  46
  000940   407458.000   0322   8   03  f6  00  00  37  ff  ff  ff
  000941   407478.000   024e   8   ff  ff  10  00  00  00  ff  ff
  000942   407479.000   02ff   8   00  91  00  03  ff  ff  ff  ff
  000943   407483.000   033b   8   00  ff  01  eb  00  00  e4  00
  000944   407488.000   0252   8   03  00  0f  f7  80  3f  80  80
  000945   407489.000   0318   8   00  00  00  00  00  00  ff  00
  000946   407498.000   02c3   8   04  04  00  01  00  00  ff  00
  000947   407518.000   0122   4   04  02  00  00  00  00  00  00
  000948   407530.000   0401   8   fd  03  04  0f  00  00  00  01
  000949   407535.000   03e0   8   01  47  37  4a  57  33  31  32
  000950   407558.000   0322   8   03  f2  00  00  37  ff  ff  ff
  000951   407578.000   024e   8   ff  ff  10  00  00  00  ff  ff
  000952   407579.000   02c6   8   41  23  05  13  00  00  00  01
  000953   407580.000   02ff   8   00  91  00  03  ff  ff  ff  ff
  000954   407583.000   033b   8   00  ff  01  eb  00  00  e4  00
  000955   407588.000   0252   8   03  00  0f  f7  80  4f  80  80
  000956   407589.000   0230   8   00  6a  36  08  00  00  00  00
  000957   407590.000   0318   8   00  00  00  00  00  00  ff  00
  000958   407593.000   034e   8   7f  7f  7f  7f  00  0f  00  7f
  000959   407594.000   02d3   8   07  00  00  00  00  00  00  00
  000960   407598.000   033c   8   00  31  01  f6  00  00  00  00
  000961   407599.000   02c3   8   04  04  00  01  00  00  ff  00
  000962   407600.000   03c9   4   7b  44  00  00  00  00  00  00
  000963   407601.000   03f4   8   11  0f  ff  20  02  00  00  84
  000964   407603.000   033a   8   1a  04  2f  7f  7f  7f  7f  7f
  000965   407604.000   0273   8   00  00  00  00  00  00  00  00
  000966   407608.000   02c2   4   1a  97  82  00  00  00  00  00
  000967   407609.000   030e   8   00  e4  1c  15  07  ff  07  ff
  000968   407610.000   0339   2   f0  f0  00  00  00  00  00  00
  000969   407613.000   01c0   6   00  00  00  00  00  00  00  00
  000970   407614.000   02d4   8   00  00  00  00  00  00  00  00
  000971   407618.000   0122   4   04  02  00  00  00  00  00  00
  000972   407619.000   0232   8   ff  64  00  ff  00  00  00  01
  000973   407620.000   03f2   8   5d  02  b2  01  09  20  10  06
  000974   407628.000   0248   8   00  00  ff  ff  ff  03  ff  ff
  000975   407629.000   0403   8   fd  3c  3f  ff  ff  ff  ff  ff
  000976   407630.000   039e   8   00  00  00  00  00  00  00  00
  000977   407636.000   03e0   8   02  39  32  36  00  00  00  00
  000978   407638.000   01c8   4   00  00  00  00  00  00  00  00
  000979   407639.000   02fa   8   01  01  00  1a  00  ff  00  00
  000980   407648.000   03b4   8   35  80  00  00  00  00  04  00
  000981   407649.000   03eb   8   43  e8  10  04  0f  a0  09  c4
  000982   407658.000   022d   8   83  00  00  00  00  00  00  00
  000983   407659.000   02ad   8   00  00  00  00  00  00  00  00
  000984   407660.000   0322   8   03  f0  00  00  37  ff  ff  ff
  000985   407661.000   03ea   8   41  57  2c  08  b5  34  41  a4
  000986   407668.000   0332   8   18  50  d8  40  5b  08  ff  00
  000987   407669.000   03e9   8   01  58  66  00  25  25  00  00
  000988   407678.000   024e   8   ff  ff  10  00  00  00  ff  ff
  000989   407679.000   02ff   8   00  91  00  02  ff  ff  ff  ff
  000990   407680.000   03e8   8   49  31  a2  53  00  0e  51  5c
  000991   407683.000   033b   8   00  ff  01  eb  00  00  e4  00
  000992   407688.000   0252   8   03  00  0f  f7  80  47  80  80
  000993   407689.000   0318   8   00  00  00  00  00  00  ff  00
  000994   407690.000   0340   8   ff  ff  3d  00  30  80  00  00
  000995   407691.000   03e4   8   81  df  88  46  0e  00  00  00
  000996   407698.000   02c3   8   04  04  00  01  00  00  ff  00
  000997   407699.000   03de   8   36  00  00  00  03  00  d1  01
  000998   407700.000   03e3   8   31  04  10  08  00  00  00  00
  000999   407708.000   02f8   8   00  ff  f0  00  00  00  28  00
  001000   407709.000   03d2   4   09  6b  74  00  00  00  00  00
  001001   407711.000   043c   8   fd  3f  3f  ff  ff  ff  ff  ff
  001002   407718.000   0122   4   04  02  00  00  00  00  00  00
  001003   407719.000   032a   8   00  00  00  00  00  00  d8  ab
  001004   407720.000   03b2   8   03  00  a8  00  f0  ff  ff  00
  001005   407724.000   031e   6   00  80  00  c0  00  00  00  00
  001006   407728.000   02c5   8   01  ee  ee  1c  05  00  00  00
  001007   407729.000   03a2   6   00  00  01  01  ff  00  00  00
  001008   407736.000   03cd   8   40  11  00  00  00  00  00  00
  001009   407736.000   03e0   8   00  31  43  34  48  4a  58  46
  001010   407738.000   022d   8   83  00  00  00  00  00  00  00
  001011   407739.000   0358   4   ff  01  ff  00  00  00  00  00
  001012   407748.000   0381   8   89  8d  00  08  00  04  00  00
  001013   407749.000   0395   8   03  ff  07  ff  00  00  30  00
  001014   407758.000   0322   8   03  e9  00  00  37  ff  ff  ff
  001015   407759.000   038a   8   01  00  00  00  00  00  00  00
  001016   407768.000   030a   8   04  80  00  62  fc  00  02  31
  001017   407769.000   03d8   8   fd  00  64  fa  58  23  00  00
  001018   407778.000   024e   8   ff  ff  10  00  00  00  ff  ff
  001019   407779.000   02ff   8   00  91  00  02  ff  ff  ff  ff
  001020   407783.000   033b   8   00  ff  01  eb  00  00  e4  00
  001021   407788.000   0252   8   03  00  0f  f7  80  3f  80  7f
  001022   407789.000   0318   8   00  00  00  00  00  00  ff  00
  001023   407798.000   02c3   8   04  04  00  01  00  00  ff  00
  001024   407808.000   02c2   4   1a  97  83  00  00  00  00  00
  001025   407814.000   01c0   6   00  00  00  00  00  00  00  00
  001026   407818.000   0122   4   04  02  00  00  00  00  00  00
  001027   407819.000   0232   8   ff  64  00  ff  00  00  00  01
  001028   407835.000   03e0   8   01  47  37  4a  57  33  31  32
  001029   407848.000   044a   8   01  00  00  00  00  00  00  20
  001030   407858.000   0322   8   03  ea  00  00  37  ff  ff  ff
  001031   407859.000   044c   8   7d  00  00  00  00  00  ff  ff
  001032   407868.000   03b3   8   01  30  72  01  e4  a3  07  10
  001033   407878.000   024e   8   ff  ff  10  00  00  00  ff  ff
  001034   407879.000   02ff   8   00  91  00  01  ff  ff  ff  ff
  001035   407884.000   033b   8   00  ff  01  eb  00  00  e4  00
  001036   407888.000   0252   8   03  00  0f  f7  80  4f  80  7f
  001037   407889.000   0318   8   00  00  00  00  00  00  ff  00
  001038   407898.000   02c3   8   04  04  00  01  00  00  ff  00
  001039   407910.000   0401   8   fd  03  04  0f  00  00  00  01
  001040   407918.000   0122   4   04  02  00  00  00  00  00  00
  001041   407936.000   03e0   8   02  39  32  36  00  00  00  00
  001042   407958.000   0322   8   03  e0  00  00  37  ff  ff  ff
  001043   407978.000   024e   8   ff  ff  10  00  00  00  ff  ff
  001044   407979.000   02ff   8   00  91  00  01  ff  ff  ff  ff
  001045   407983.000   033b   8   00  ff  01  eb  00  00  e4  00
  001046   407988.000   0252   8   03  00  0f  f7  80  47  80  80
  001047   407989.000   0318   8   00  00  00  00  00  00  ff  00
  001048   407998.000   02c3   8   04  04  00  01  00  00  ff  00
  001049   408008.000   02c2   4   1a  97  85  00  00  00  00  00
  001050   408009.000   0403   8   fd  3c  3f  ff  ff  ff  ff  ff
  001051   408013.000   01c0   6   00  00  00  00  00  00  00  00
  001052   408018.000   0122   4   04  02  00  00  00  00  00  00
  001053   408019.000   0232   8   ff  64  00  ff  00  00  00  01
  001054   408035.000   03e0   8   00  31  43  34  48  4a  58  46
  001055   408058.000   0322   8   03  e0  00  00  37  ff  ff  ff
  001056   408078.000   024e   8   ff  ff  10  00  00  00  ff  ff
  001057   408079.000   02ff   8   00  91  00  00  ff  ff  ff  ff
  001058   408083.000   033b   8   00  ff  01  eb  00  00  e4  00
  001059   408088.000   0252   8   03  00  0f  f7  80  47  80  7f
  001060   408089.000   0230   8   00  6a  36  08  00  00  00  00
  001061   408090.000   0318   8   00  00  00  00  00  00  ff  00
  001062   408091.000   043c   8   fd  3f  3f  ff  ff  ff  ff  ff
  001063   408098.000   02c3   8   04  04  00  01  00  00  ff  00
  001064   408108.000   0339   2   f0  f0  00  00  00  00  00  00
  001065   408118.000   0122   4   04  02  00  00  00  00  00  00
  001066   408128.000   0248   8   00  00  ff  ff  ff  03  ff  ff
  001067   408135.000   03e0   8   01  47  37  4a  57  33  31  32
  001068   408138.000   01c8   4   00  00  00  00  00  00  00  00
  001069   408139.000   02fa   8   01  01  00  1a  00  ff  00  00
  001070   408158.000   022d   8   84  00  00  00  00  00  00  00
  001071   408159.000   0322   8   03  d8  00  00  37  ff  ff  ff
  001072   408176.000   0332   8   18  50  d8  40  5b  08  ff  00
  001073   408178.000   024e   8   ff  ff  10  00  00  00  ff  ff
  001074   408179.000   02ff   8   00  91  00  00  ff  ff  ff  ff
  001075   408183.000   033b   8   00  ff  01  eb  00  00  e5  00
  001076   408188.000   0252   8   03  00  0f  f7  80  4f  80  80
  001077   408189.000   0318   8   00  00  00  00  00  00  ff  00
  001078   408198.000   02c3   8   04  04  00  01  00  00  ff  00
  001079   408208.000   02c2   4   1a  97  89  00  00  00  00  00
  001080   408213.000   01c0   6   00  00  00  00  00  00  00  00
  001081   408218.000   0122   4   04  02  00  00  00  00  00  00
  001082   408219.000   0232   8   ff  64  00  ff  00  00  00  01
  001083   408224.000   031e   6   00  80  00  c0  00  00  00  00
  001084   408236.000   03e0   8   02  39  32  36  00  00  00  00
  001085   408248.000   0395   8   03  ff  07  ff  00  00  30  00
  001086   408258.000   0322   8   03  cf  00  00  37  ff  ff  ff
  001087   408278.000   024e   8   ff  ff  10  00  00  00  ff  ff
  001088   408279.000   02ff   8   00  91  00  00  ff  ff  ff  ff
  001089   408283.000   033b   8   00  ff  01  eb  00  00  e4  00
  001090   408288.000   0252   8   03  00  0f  f7  80  4f  80  80
  001091   408289.000   0318   8   00  00  00  00  00  00  ff  00
  001092   408290.000   0401   8   fd  03  04  0f  00  00  00  01
  001093   408298.000   02c3   8   04  04  00  01  00  00  ff  00
  001094   408318.000   0122   4   04  02  00  00  00  00  00  00
  001095   408335.000   03e0   8   00  31  43  34  48  4a  58  46
  001096   408358.000   0322   8   03  be  00  00  37  ff  ff  ff
  001097   408378.000   024e   8   ff  ff  10  00  00  00  ff  ff
  001098   408379.000   02ff   8   00  91  00  00  ff  ff  ff  ff
  001099   408383.000   033b   8   00  ff  01  eb  00  00  e4  00
  001100   408388.000   0252   8   03  00  0f  f7  80  3f  80  7f
  001101   408389.000   0403   8   fd  3c  3f  ff  ff  ff  ff  ff
  001102   408390.000   0318   8   00  00  00  00  00  00  ff  00
  001103   408398.000   02c3   8   04  04  00  01  00  00  ff  00
  001104   408408.000   02c2   4   1a  97  8d  00  00  00  00  00
  001105   408413.000   01c0   6   00  00  00  00  00  00  00  00
  001106   408418.000   0122   4   04  02  00  00  00  00  00  00
  001107   408419.000   0232   8   ff  64  00  ff  00  00  00  01
  001108   408435.000   03e0   8   01  47  37  4a  57  33  31  32
  001109   408458.000   0322   8   03  cd  00  00  37  ff  ff  ff
  001110   408471.000   043c   8   fd  3f  3f  ff  ff  ff  ff  ff
  001111   408478.000   024e   8   ff  ff  10  00  00  00  ff  ff
  001112   408479.000   02ff   8   00  91  00  00  ff  ff  ff  ff
  001113   408483.000   033b   8   00  ff  01  eb  00  00  e5  00
  001114   408488.000   0252   8   03  00  0f  f7  80  4f  80  80
  001115   408489.000   0318   8   00  00  00  00  00  00  ff  00
  001116   408498.000   02c3   8   04  04  00  01  00  00  ff  00
  001117   408518.000   0122   4   04  02  00  00  00  00  00  00
  001118   408536.000   03e0   8   02  39  32  36  00  00  00  00
  001119   408558.000   0322   8   03  c5  00  00  37  ff  ff  ff
  001120   408578.000   024e   8   ff  ff  10  00  00  00  ff  ff
  001121   408579.000   02ff   8   00  91  00  00  ff  ff  ff  ff
  001122   408583.000   033b   8   00  ff  01  eb  00  00  e4  00
  001123   408588.000   0230   8   00  6a  36  08  00  00  00  00
  001124   408589.000   0252   8   03  00  0f  f7  80  4f  80  7f
  001125   408590.000   0318   8   00  00  00  00  00  00  ff  00
  001126   408593.000   034e   8   7f  7f  7f  7f  00  0f  00  7f
  001127   408594.000   02d3   8   07  00  00  00  00  00  00  00
  001128   408598.000   033c   8   00  31  01  f6  00  00  00  00
  001129   408599.000   02c3   8   04  04  00  01  00  00  ff  00
  001130   408600.000   03c9   4   7b  44  00  00  00  00  00  00
  001131   408603.000   033a   8   1a  04  2f  7f  7f  7f  7f  7f
  001132   408604.000   0273   8   00  00  00  00  00  00  00  00
  001133   408608.000   02c2   4   1a  97  8c  00  00  00  00  00
  001134   408609.000   030e   8   00  e4  1c  15  07  ff  07  ff
  001135   408609.000   0339   2   f0  f0  00  00  00  00  00  00
  001136   408613.000   01c0   6   00  00  00  00  00  00  00  00
  001137   408614.000   02d4   8   00  00  00  00  00  00  00  00
  001138   408618.000   0122   4   04  02  00  00  00  00  00  00
  001139   408619.000   0232   8   ff  64  00  ff  00  00  00  01
  001140   408628.000   0248   8   00  00  ff  ff  ff  03  ff  ff
  001141   408629.000   039e   8   00  00  00  00  00  00  00  00
  001142   408636.000   03e0   8   00  31  43  34  48  4a  58  46
  001143   408638.000   01c8   4   00  00  00  00  00  00  00  00
  001144   408639.000   02fa   8   01  01  00  1a  00  ff  00  00
  001145   408658.000   022d   8   83  00  00  00  00  00  00  00
  001146   408659.000   02ad   8   00  00  00  00  00  00  00  00
  001147   408660.000   0322   8   03  dc  00  00  37  ff  ff  ff
  001148   408668.000   0332   8   18  50  d8  40  5b  08  ff  00
  001149   408670.000   0401   8   fd  03  04  0f  00  00  00  01
  001150   408678.000   024e   8   ff  ff  10  00  00  00  ff  ff
  001151   408679.000   02ff   8   00  91  00  00  ff  ff  ff  ff
  001152   408683.000   033b   8   00  ff  01  eb  00  00  e4  00
  001153   408688.000   0252   8   03  00  0f  f7  80  4f  80  80
  001154   408689.000   0318   8   00  00  00  00  00  00  ff  00
  001155   408690.000   0340   8   ff  ff  3d  00  30  80  00  00
  001156   408698.000   02c3   8   04  04  00  01  00  00  ff  00
  001157   408699.000   03de   8   36  00  00  00  03  00  d1  01
  001158   408708.000   02f8   8   00  ff  f0  00  00  00  28  00
  001159   408709.000   03d2   4   09  6b  74  00  00  00  00  00
  001160   408718.000   0122   4   04  02  00  00  00  00  00  00
  001161   408719.000   032a   8   00  00  00  00  00  00  d8  ab
  001162   408720.000   03b2   8   03  00  a8  00  f0  ff  ff  00
  001163   408723.000   031e   6   00  80  00  c0  00  00  00  00
  001164   408727.000   03cd   8   40  01  00  00  00  00  00  00
  001165   408728.000   03a2   6   00  00  01  01  ff  00  00  00
  001166   408735.000   03e0   8   01  47  37  4a  57  33  31  32
  001167   408738.000   022d   8   83  00  00  00  00  00  00  00
  001168   408739.000   0358   4   ff  01  ff  00  00  00  00  00
  001169   408748.000   0395   8   03  ff  07  ff  00  00  30  00
  001170   408758.000   0322   8   03  df  00  00  37  ff  ff  ff
  001171   408768.000   030a   8   04  80  00  62  fc  00  02  31
  001172   408769.000   0403   8   fd  3c  3f  ff  ff  ff  ff  ff
  001173   408778.000   024e   8   ff  ff  10  00  00  00  ff  ff
  001174   408779.000   02ff   8   00  91  00  00  ff  ff  ff  ff
  001175   408783.000   033b   8   00  ff  01  eb  00  00  e4  00
  001176   408788.000   0252   8   03  00  0f  f7  80  47  80  7f
  001177   408789.000   0318   8   00  00  00  00  00  00  ff  00
  001178   408798.000   02c3   8   04  04  00  01  00  00  ff  00
  001179   408808.000   02c2   4   1a  97  8c  00  00  00  00  00
  001180   408813.000   01c0   6   00  00  00  00  00  00  00  00
  001181   408818.000   0122   4   04  02  00  00  00  00  00  00
  001182   408819.000   0232   8   ff  64  00  ff  00  00  00  01
  001183   408836.000   03e0   8   02  39  32  36  00  00  00  00
  001184   408851.000   043c   8   fd  3f  3f  ff  ff  ff  ff  ff
  001185   408858.000   0322   8   03  f6  00  00  37  ff  ff  ff
  001186   408878.000   024e   8   ff  ff  10  00  00  00  ff  ff
  001187   408879.000   02ff   8   00  91  00  00  ff  ff  ff  ff
  001188   408884.000   033b   8   00  ff  01  eb  00  00  e5  00
  001189   408888.000   0252   8   03  00  0f  f7  80  47  80  80
  001190   408889.000   0318   8   00  00  00  00  00  00  ff  00
  001191   408898.000   02c3   8   04  04  00  01  00  00  ff  00
  001192   408918.000   0122   4   04  02  00  00  00  00  00  00
  001193   408936.000   03e0   8   00  31  43  34  48  4a  58  46
  001194   408958.000   0322   8   03  f0  00  00  37  ff  ff  ff
  001195   408978.000   024e   8   ff  ff  10  00  00  00  ff  ff
  001196   408979.000   02ff   8   00  91  00  00  ff  ff  ff  ff
  001197   408983.000   033b   8   00  ff  01  eb  00  00  e4  00
  001198   408988.000   0252   8   03  00  0f  f7  80  47  80  80
  001199   408989.000   0318   8   00  00  00  00  00  00  ff  00
  001200   408998.000   02c3   8   04  04  00  01  00  00  ff  00
  001201   409008.000   02c2   4   1a  97  8b  00  00  00  00  00
  001202   409013.000   01c0   6   00  00  00  00  00  00  00  00
  001203   409018.000   0122   4   04  02  00  00  00  00  00  00
  001204   409019.000   0232   8   ff  64  00  ff  00  00  00  01
  001205   409036.000   03e0   8   01  47  37  4a  57  33  31  32
  001206   409046.000   03cd   8   40  00  00  00  00  00  00  00
  001207   409050.000   0401   8   fd  03  04  0f  00  00  00  01
  001208   409058.000   0322   8   03  f9  00  00  37  ff  ff  ff
  001209   409078.000   024e   8   ff  ff  10  00  00  00  ff  ff
  001210   409079.000   02ff   8   00  91  00  00  ff  ff  ff  ff
  001211   409083.000   033b   8   00  ff  01  eb  00  00  e4  00
  001212   409088.000   0252   8   03  00  0f  f7  80  47  80  7f
  001213   409089.000   0230   8   00  6a  36  08  00  00  00  00
  001214   409090.000   0318   8   00  00  00  00  00  00  ff  00
  001215   409098.000   02c3   8   04  04  00  01  00  00  ff  00
  001216   409108.000   0339   2   f0  f0  00  00  00  00  00  00
  001217   409118.000   0122   4   04  02  00  00  00  00  00  00
  001218   409128.000   0248   8   00  00  ff  ff  ff  03  ff  ff
  001219   409136.000   03e0   8   02  39  32  36  00  00  00  00
  001220   409138.000   01c8   4   00  00  00  00  00  00  00  00
  001221   409139.000   02fa   8   01  01  00  1a  00  ff  00  00
  001222   409148.000   0403   8   fd  3c  3f  ff  ff  ff  ff  ff
  001223   409158.000   022d   8   84  00  00  00  00  00  00  00
  001224   409159.000   0322   8   04  05  00  00  37  ff  ff  ff
  001225   409168.000   0332   8   18  50  d8  40  5b  08  ff  00
  001226   409188.000   024e   8   ff  ff  10  00  00  00  ff  ff
  001227   409188.000   02ff   8   00  91  00  00  ff  ff  ff  ff
  001228   409189.000   033b   8   00  ff  01  eb  00  00  e5  00
  001229   409189.000   0252   8   03  00  0f  f7  80  47  80  7f
  001230   409189.000   0318   8   00  00  00  00  00  00  ff  00
  001231   409198.000   02c3   8   04  04  00  01  00  00  ff  00
  001232   409208.000   02c2   4   1a  97  8b  00  00  00  00  00
  001233   409213.000   01c0   6   00  00  00  00  00  00  00  00
  001234   409218.000   0122   4   04  02  00  00  00  00  00  00
  001235   409219.000   0232   8   ff  64  00  ff  00  00  00  01
  001236   409223.000   031e   6   00  80  00  c0  00  00  00  00
  001237   409231.000   043c   8   fd  3f  3f  ff  ff  ff  ff  ff
  001238   409236.000   03e0   8   00  31  43  34  48  4a  58  46
  001239   409248.000   0395   8   03  ff  07  ff  00  00  30  00
  001240   409258.000   0322   8   04  13  00  00  37  ff  ff  ff
  001241   409278.000   024e   8   ff  ff  10  00  00  00  ff  ff
  001242   409279.000   02ff   8   00  91  00  00  ff  ff  ff  ff
  001243   409283.000   033b   8   00  ff  01  eb  00  00  e4  00
  001244   409288.000   0252   8   03  00  0f  f7  80  3f  80  7f
  001245   409289.000   0318   8   00  00  00  00  00  00  ff  00
  001246   409298.000   02c3   8   04  04  00  01  00  00  ff  00
  001247   409318.000   0122   4   04  02  00  00  00  00  00  00
  001248   409336.000   03e0   8   01  47  37  4a  57  33  31  32
  001249   409358.000   0322   8   04  15  00  00  37  ff  ff  ff
  001250   409378.000   024e   8   ff  ff  10  00  00  00  ff  ff
  001251   409379.000   02ff   8   00  91  00  00  ff  ff  ff  ff
  001252   409383.000   033b   8   00  ff  01  eb  00  00  e4  00
  001253   409388.000   0252   8   03  00  0f  f7  80  5f  80  7f
  001254   409389.000   0318   8   00  00  00  00  00  00  ff  00
  001255   409398.000   02c3   8   04  04  00  01  00  00  ff  00
  001256   409405.000   03cd   8   40  40  00  00  00  00  00  00
  001257   409408.000   02c2   4   1a  97  8c  00  00  00  00  00
  001258   409413.000   01c0   6   00  00  00  00  00  00  00  00
  001259   409418.000   0122   4   04  02  00  00  00  00  00  00
  001260   409419.000   0232   8   ff  64  00  ff  00  00  00  01
  001261   409430.000   0401   8   fd  03  04  0f  00  00  00  01
  001262   409436.000   03e0   8   02  39  32  36  00  00  00  00
  001263   409458.000   0322   8   04  13  00  00  37  ff  ff  ff
  001264   409478.000   024e   8   ff  ff  10  00  00  00  ff  ff
  001265   409479.000   02ff   8   00  91  00  00  ff  ff  ff  ff
  001266   409483.000   033b   8   00  ff  01  eb  00  00  e4  00
  001267   409488.000   0252   8   03  00  0f  f7  80  4f  80  7f
  001268   409489.000   0318   8   00  00  00  00  00  00  ff  00
  001269   409498.000   02c3   8   04  04  00  01  00  00  ff  00
  001270   409518.000   0122   4   04  02  00  00  00  00  00  00
  001271   409528.000   0403   8   fd  3c  3f  ff  ff  ff  ff  ff
  001272   409536.000   03e0   8   00  31  43  34  48  4a  58  46
  001273   409558.000   0322   8   04  1d  00  00  37  ff  ff  ff
  001274   409578.000   024e   8   ff  ff  10  00  00  00  ff  ff
  001275   409579.000   02c6   8   41  23  05  13  00  00  00  01
  001276   409580.000   02ff   8   00  91  00  00  ff  ff  ff  ff
  001277   409583.000   033b   8   00  ff  01  eb  00  00  e4  00
  001278   409588.000   0252   8   03  00  0f  f7  80  4f  80  7f
  001279   409589.000   0230   8   00  6a  36  08  00  00  00  00
  001280   409590.000   0318   8   00  00  00  00  00  00  ff  00
  001281   409593.000   02d3   8   07  00  00  00  00  00  00  00
  001282   409594.000   034e   8   7f  7f  7f  7f  00  0f  00  7f
  001283   409596.000   02d3   8   07  24  00  00  00  00  00  00
  001284   409598.000   033c   8   00  31  01  f6  00  00  00  00
  001285   409599.000   02c3   8   04  04  00  01  00  00  ff  00
  001286   409600.000   02d3   8   07  24  00  00  00  00  00  00
  001287   409601.000   03c9   4   7b  44  00  00  00  00  00  00
  001288   409602.000   03f4   8   11  0f  ff  20  02  00  00  84
  001289   409603.000   02d3   8   07  24  00  00  00  00  00  00
  001290   409604.000   0273   8   00  00  00  00  00  00  00  00
  001291   409605.000   033a   8   19  f0  2f  7f  7f  7f  7f  7f
  001292   409606.000   02d3   8   07  24  00  00  00  00  00  00
  001293   409608.000   02d3   8   07  24  00  00  00  00  00  00
  001294   409608.000   02c2   4   1a  97  8c  00  00  00  00  00
  001295   409609.000   030e   8   00  e5  1c  15  07  ff  07  ff
  001296   409610.000   0339   2   f0  f0  00  00  00  00  00  00
  001297   409611.000   043c   8   fd  3f  3f  ff  ff  ff  ff  ff
  001298   409613.000   01c0   6   00  00  00  00  00  00  00  00
  001299   409614.000   02d4   8   00  00  00  00  00  00  00  00
  001300   409618.000   0122   4   04  02  00  00  00  00  00  00
  001301   409619.000   0232   8   ff  64  00  ff  00  00  00  01
  001302   409620.000   03f2   8   5d  02  b2  01  09  20  10  06
  001303   409628.000   0248   8   00  00  ff  ff  ff  03  ff  ff
  001304   409629.000   039e   8   00  00  00  00  00  00  00  00
  001305   409636.000   03e0   8   01  47  37  4a  57  33  31  32
  001306   409638.000   01c8   4   00  00  00  00  00  00  00  00
  001307   409639.000   02fa   8   01  01  00  1a  00  ff  00  00
  001308   409648.000   03b4   8   35  80  00  00  00  00  04  00
  001309   409649.000   03eb   8   43  e8  10  04  0f  a0  09  c4
  001310   409658.000   02ad   8   00  00  00  00  00  00  00  00
  001311   409659.000   0322   8   04  0e  00  00  37  ff  ff  ff
  001312   409660.000   03ea   8   41  57  2c  08  b5  34  41  a4
  001313   409668.000   0332   8   18  50  d8  40  5b  08  ff  00
  001314   409669.000   03e9   8   01  58  66  00  25  25  00  00
  001315   409678.000   024e   8   ff  ff  10  00  00  00  ff  ff
  001316   409679.000   02ff   8   00  91  00  00  ff  ff  ff  ff
  001317   409680.000   03e8   8   49  31  a2  53  00  0e  51  5c
  001318   409683.000   033b   8   00  ff  01  eb  00  00  e5  00
  001319   409688.000   0252   8   03  00  0f  f7  80  47  80  80
  001320   409689.000   0318   8   00  00  00  00  00  00  ff  00
  001321   409690.000   0340   8   ff  ff  3d  00  30  80  00  00
  001322   409691.000   03e4   8   81  df  88  46  0e  00  00  00
  001323   409698.000   02c3   8   04  04  00  01  00  00  ff  00
  001324   409699.000   03de   8   36  00  00  00  03  00  d1  01
  001325   409700.000   03e3   8   31  04  10  08  00  00  00  00
  001326   409708.000   02f8   8   00  ff  f0  00  00  00  28  00
  001327   409709.000   03d2   4   09  6b  74  00  00  00  00  00
  001328   409718.000   0122   4   04  02  00  00  00  00  00  00
  001329   409719.000   032a   8   00  00  00  00  00  00  d8  ab
  001330   409720.000   03b2   8   03  00  a8  00  f0  ff  ff  00
  001331   409722.000   031e   6   00  80  00  c0  00  00  00  00
  001332   409728.000   02c5   8   01  ee  ee  1c  05  00  00  00
  001333   409729.000   03a2   6   00  00  01  01  ff  00  00  00
  001334   409736.000   03e0   8   02  39  32  36  00  00  00  00
  001335   409737.000   03cd   8   40  40  00  00  00  00  00  00
  001336   409738.000   022d   8   84  00  00  00  00  00  00  00
  001337   409739.000   0358   4   ff  01  ff  00  00  00  00  00
  001338   409748.000   0381   8   89  8d  00  08  00  04  00  00
  001339   409749.000   0395   8   03  ff  07  ff  00  00  30  00
  001340   409758.000   0322   8   04  13  00  00  37  ff  ff  ff
  001341   409759.000   038a   8   01  00  00  00  00  00  00  00
  001342   409768.000   030a   8   04  80  00  62  fc  00  02  31
  001343   409769.000   03d8   8   fd  00  64  fa  58  23  00  00
  001344   409778.000   024e   8   ff  ff  10  00  00  00  ff  ff
  001345   409779.000   02ff   8   00  91  00  00  ff  ff  ff  ff
  001346   409783.000   033b   8   00  ff  01  eb  00  00  e4  00
  001347   409788.000   0252   8   03  00  0f  f7  80  37  80  80
  001348   409789.000   0318   8   00  00  00  00  00  00  ff  00
  001349   409798.000   02c3   8   04  04  00  01  00  00  ff  00
  001350   409808.000   02c2   4   1a  97  8c  00  00  00  00  00
  001351   409810.000   0401   8   fd  03  04  0f  00  00  00  01
  001352   409813.000   01c0   6   00  00  00  00  00  00  00  00
  001353   409818.000   0122   4   04  02  00  00  00  00  00  00
  001354   409819.000   0232   8   ff  64  00  ff  00  00  00  01
  001355   409836.000   03e0   8   00  31  43  34  48  4a  58  46
  001356   409848.000   044a   8   01  00  00  00  00  00  00  20
  001357   409858.000   0322   8   04  07  00  00  37  ff  ff  ff
