  10456       3908.274   07e0   8   07  ae  10  00  00  00  10  00
  10663       3989.113   07e8   8   02  ee  10  aa  aa  aa  aa  aa
  12009       4489.415   0101   8   fe  01  3e  00  00  00  00  00
  17638       6590.562   0101   8   fe  01  3e  00  00  00  00  00
  23274       8691.622   0101   8   fe  01  3e  00  00  00  00  00
  28901      10792.724   0101   8   fe  01  3e  00  00  00  00  00
  34530      12893.701   0101   8   fe  01  3e  00  00  00  00  00
  40153      14994.848   0101   8   fe  01  3e  00  00  00  00  00
  45795      17096.037   0101   8   fe  01  3e  00  00  00  00  00
  51425      19197.270   0101   8   fe  01  3e  00  00  00  00  00
  57048      21298.295   0101   8   fe  01  3e  00  00  00  00  00
  62673      23399.441   0101   8   fe  01  3e  00  00  00  00  00
  68299      25500.846   0101   8   fe  01  3e  00  00  00  00  00
  73928      27601.691   0101   8   fe  01  3e  00  00  00  00  00
  79564      29702.760   0101   8   fe  01  3e  00  00  00  00  00
  85192      31804.076   0101   8   fe  01  3e  00  00  00  00  00
  90818      33905.223   0101   8   fe  01  3e  00  00  00  00  00
  96449      36006.414   0101   8   fe  01  3e  00  00  00  00  00
 102088      38107.477   0101   8   fe  01  3e  00  00  00  00  00
 107722      40208.707   0101   8   fe  01  3e  00  00  00  00  00
 113355      42309.941   0101   8   fe  01  3e  00  00  00  00  00
 118988      44410.785   0101   8   fe  01  3e  00  00  00  00  00
 124620      46512.273   0101   8   fe  01  3e  00  00  00  00  00
 130255      48613.164   0101   8   fe  01  3e  00  00  00  00  00
 135896      50714.270   0101   8   fe  01  3e  00  00  00  00  00
 141524      52815.504   0101   8   fe  01  3e  00  00  00  00  00
 147153      54916.691   0101   8   fe  01  3e  00  00  00  00  00
 152788      57017.797   0101   8   fe  01  3e  00  00  00  00  00
 158438      59118.953   0101   8   fe  01  3e  00  00  00  00  00
 164074      61220.227   0101   8   fe  01  3e  00  00  00  00  00
 169705      63321.160   0101   8   fe  01  3e  00  00  00  00  00
 175342      65422.563   0101   8   fe  01  3e  00  00  00  00  00
 180975      67523.742   0101   8   fe  01  3e  00  00  00  00  00
 186608      69624.547   0101   8   fe  01  3e  00  00  00  00  00
 192245      71725.563   0101   8   fe  01  3e  00  00  00  00  00
 197876      73826.867   0101   8   fe  01  3e  00  00  00  00  00
 203512      75927.844   0101   8   fe  01  3e  00  00  00  00  00
 209149      78028.984   0101   8   fe  01  3e  00  00  00  00  00
 214791      80130.133   0101   8   fe  01  3e  00  00  00  00  00
 220420      82231.328   0101   8   fe  01  3e  00  00  00  00  00
 226050      84332.516   0101   8   fe  01  3e  00  00  00  00  00
 231681      86433.555   0101   8   fe  01  3e  00  00  00  00  00
 237312      88534.742   0101   8   fe  01  3e  00  00  00  00  00
 242946      90636.188   0101   8   fe  01  3e  00  00  00  00  00
 248582      92737.336   0101   8   fe  01  3e  00  00  00  00  00
 254213      94838.359   0101   8   fe  01  3e  00  00  00  00  00
 259846      96939.422   0101   8   fe  01  3e  00  00  00  00  00
 265482      99040.477   0101   8   fe  01  3e  00  00  00  00  00
 271129     101141.625   0101   8   fe  01  3e  00  00  00  00  00
 276762     103243.031   0101   8   fe  01  3e  00  00  00  00  00
 282394     105344.031   0101   8   fe  01  3e  00  00  00  00  00
 288028     107445.047   0101   8   fe  01  3e  00  00  00  00  00
 293654     109546.195   0101   8   fe  01  3e  00  00  00  00  00
 299288     111647.469   0101   8   fe  01  3e  00  00  00  00  00
 304920     113748.398   0101   8   fe  01  3e  00  00  00  00  00
 310544     115849.547   0101   8   fe  01  3e  00  00  00  00  00
 316176     117950.906   0101   8   fe  01  3e  00  00  00  00  00
 321818     120052.102   0101   8   fe  01  3e  00  00  00  00  00
 327460     122153.586   0101   8   fe  01  3e  00  00  00  00  00
 333084     124254.477   0101   8   fe  01  3e  00  00  00  00  00
 338716     126355.625   0101   8   fe  01  3e  00  00  00  00  00
 344343     128456.602   0101   8   fe  01  3e  00  00  00  00  00
 349974     130557.617   0101   8   fe  01  3e  00  00  00  00  00
 355610     132658.813   0101   8   fe  01  3e  00  00  00  00  00
 361236     134760.000   0101   8   fe  01  3e  00  00  00  00  00
 366866     136861.141   0101   8   fe  01  3e  00  00  00  00  00
 372495     138962.266   0101   8   fe  01  3e  00  00  00  00  00
 378132     141063.500   0101   8   fe  01  3e  00  00  00  00  00
 383772     143164.563   0101   8   fe  01  3e  00  00  00  00  00
 389394     145265.750   0101   8   fe  01  3e  00  00  00  00  00
 395022     147366.953   0101   8   fe  01  3e  00  00  00  00  00
 400653     149468.234   0101   8   fe  01  3e  00  00  00  00  00
 406282     151569.250   0101   8   fe  01  3e  00  00  00  00  00
 411916     153670.313   0101   8   fe  01  3e  00  00  00  00  00
 417544     155771.547   0101   8   fe  01  3e  00  00  00  00  00
 423171     157872.609   0101   8   fe  01  3e  00  00  00  00  00
 428799     159973.875   0101   8   fe  01  3e  00  00  00  00  00
 434452     162075.078   0101   8   fe  01  3e  00  00  00  00  00
 440083     164176.109   0101   8   fe  01  3e  00  00  00  00  00
 445708     166277.297   0101   8   fe  01  3e  00  00  00  00  00
 451337     168378.438   0101   8   fe  01  3e  00  00  00  00  00
 456966     170479.625   0101   8   fe  01  3e  00  00  00  00  00
 462597     172580.766   0101   8   fe  01  3e  00  00  00  00  00
 468233     174682.156   0101   8   fe  01  3e  00  00  00  00  00
 473861     176783.016   0101   8   fe  01  3e  00  00  00  00  00
 479492     178884.313   0101   8   fe  01  3e  00  00  00  00  00
 485120     180985.250   0101   8   fe  01  3e  00  00  00  00  00
 490766     183086.438   0101   8   fe  01  3e  00  00  00  00  00
 496401     185187.453   0101   8   fe  01  3e  00  00  00  00  00
 502027     187288.641   0101   8   fe  01  3e  00  00  00  00  00
 507656     189389.656   0101   8   fe  01  3e  00  00  00  00  00
 513282     191490.719   0101   8   fe  01  3e  00  00  00  00  00
 518913     193591.875   0101   8   fe  01  3e  00  00  00  00  00
 524552     195693.063   0101   8   fe  01  3e  00  00  00  00  00
 530179     197794.281   0101   8   fe  01  3e  00  00  00  00  00
 535811     199895.313   0101   8   fe  01  3e  00  00  00  00  00
 541439     201996.500   0101   8   fe  01  3e  00  00  00  00  00
 547082     204097.609   0101   8   fe  01  3e  00  00  00  00  00
 552726     206198.844   0101   8   fe  01  3e  00  00  00  00  00
 558364     208300.000   0101   8   fe  01  3e  00  00  00  00  00
 564009     210401.141   0101   8   fe  01  3e  00  00  00  00  00
 569648     212502.250   0101   8   fe  01  3e  00  00  00  00  00
 575284     214603.391   0101   8   fe  01  3e  00  00  00  00  00
 580921     216704.500   0101   8   fe  01  3e  00  00  00  00  00
 586558     218805.766   0101   8   fe  01  3e  00  00  00  00  00
 592195     220906.750   0101   8   fe  01  3e  00  00  00  00  00
 597829     223007.938   0101   8   fe  01  3e  00  00  00  00  00
 603478     225109.094   0101   8   fe  01  3e  00  00  00  00  00
 609121     227210.234   0101   8   fe  01  3e  00  00  00  00  00
 614753     229311.344   0101   8   fe  01  3e  00  00  00  00  00
 620398     231412.703   0101   8   fe  01  3e  00  00  00  00  00
 626034     233513.672   0101   8   fe  01  3e  00  00  00  00  00
 631673     235614.953   0101   8   fe  01  3e  00  00  00  00  00
 637313     237716.016   0101   8   fe  01  3e  00  00  00  00  00
 642943     239817.500   0101   8   fe  01  3e  00  00  00  00  00
 648582     241918.391   0101   8   fe  01  3e  00  00  00  00  00
 654208     244019.406   0101   8   fe  01  3e  00  00  00  00  00
 659853     246120.563   0101   8   fe  01  3e  00  00  00  00  00
 665490     248221.750   0101   8   fe  01  3e  00  00  00  00  00
 671115     250322.766   0101   8   fe  01  3e  00  00  00  00  00
 676743     252423.828   0101   8   fe  01  3e  00  00  00  00  00
 682370     254525.219   0101   8   fe  01  3e  00  00  00  00  00
 688000     256626.078   0101   8   fe  01  3e  00  00  00  00  00
 693632     258727.219   0101   8   fe  01  3e  00  00  00  00  00
 699262     260828.359   0101   8   fe  01  3e  00  00  00  00  00
 704892     262929.656   0101   8   fe  01  3e  00  00  00  00  00
 710525     265030.813   0101   8   fe  01  3e  00  00  00  00  00
 716172     267132.438   0101   8   fe  01  3e  00  00  00  00  00
 721807     269233.125   0101   8   fe  01  3e  00  00  00  00  00
 727440     271334.344   0101   8   fe  01  3e  00  00  00  00  00
 733076     273435.531   0101   8   fe  01  3e  00  00  00  00  00
 738706     275536.875   0101   8   fe  01  3e  00  00  00  00  00
 744334     277637.688   0101   8   fe  01  3e  00  00  00  00  00
 749968     279738.750   0101   8   fe  01  3e  00  00  00  00  00
 755592     281839.875   0101   8   fe  01  3e  00  00  00  00  00
 761216     283940.969   0101   8   fe  01  3e  00  00  00  00  00
 766850     286042.313   0101   8   fe  01  3e  00  00  00  00  00
 772496     288143.281   0101   8   fe  01  3e  00  00  00  00  00
 778128     290244.469   0101   8   fe  01  3e  00  00  00  00  00
 783766     292346.000   0101   8   fe  01  3e  00  00  00  00  00
 789398     294447.375   0101   8   fe  01  3e  00  00  00  00  00
 795023     296547.875   0101   8   fe  01  3e  00  00  00  00  00
 800654     298649.031   0101   8   fe  01  3e  00  00  00  00  00
 806284     300750.219   0101   8   fe  01  3e  00  00  00  00  00
 811912     302851.438   0101   8   fe  01  3e  00  00  00  00  00
 817539     304952.500   0101   8   fe  01  3e  00  00  00  00  00
 823178     307053.719   0101   8   fe  01  3e  00  00  00  00  00
 828814     309154.844   0101   8   fe  01  3e  00  00  00  00  00
 834443     311255.906   0101   8   fe  01  3e  00  00  00  00  00
 840072     313356.906   0101   8   fe  01  3e  00  00  00  00  00
 845703     315458.094   0101   8   fe  01  3e  00  00  00  00  00
 851329     317559.156   0101   8   fe  01  3e  00  00  00  00  00
 856967     319660.563   0101   8   fe  01  3e  00  00  00  00  00
 862606     321762.125   0101   8   fe  01  3e  00  00  00  00  00
 868239     323862.719   0101   8   fe  01  3e  00  00  00  00  00
 873873     325963.844   0101   8   fe  01  3e  00  00  00  00  00
 879514     328065.031   0101   8   fe  01  3e  00  00  00  00  00
 885152     330166.094   0101   8   fe  01  3e  00  00  00  00  00
 890782     332267.375   0101   8   fe  01  3e  00  00  00  00  00
 896409     334368.313   0101   8   fe  01  3e  00  00  00  00  00
 902034     336469.406   0101   8   fe  01  3e  00  00  00  00  00
 907659     338570.563   0101   8   fe  01  3e  00  00  00  00  00
 913292     340671.844   0101   8   fe  01  3e  00  00  00  00  00
 918923     342773.156   0101   8   fe  01  3e  00  00  00  00  00
 924553     344874.063   0101   8   fe  01  3e  00  00  00  00  00
 930183     346975.188   0101   8   fe  01  3e  00  00  00  00  00
 935834     349077.875   0101   8   fe  01  3e  00  00  00  00  00
 941475     351178.563   0101   8   fe  01  3e  00  00  00  00  00
 947111     353279.719   0101   8   fe  01  3e  00  00  00  00  00
 952742     355380.781   0101   8   fe  01  3e  00  00  00  00  00
 958372     357481.906   0101   8   fe  01  3e  00  00  00  00  00
 964001     359583.031   0101   8   fe  01  3e  00  00  00  00  00
 969638     361684.125   0101   8   fe  01  3e  00  00  00  00  00
 975263     363785.313   0101   8   fe  01  3e  00  00  00  00  00
 980890     365886.469   0101   8   fe  01  3e  00  00  00  00  00
 986522     367987.781   0101   8   fe  01  3e  00  00  00  00  00
 992165     370088.719   0101   8   fe  01  3e  00  00  00  00  00
 997798     372189.875   0101   8   fe  01  3e  00  00  00  00  00
1003423     374290.938   0101   8   fe  01  3e  00  00  00  00  00
1009055     376392.250   0101   8   fe  01  3e  00  00  00  00  00
1014690     378493.531   0101   8   fe  01  3e  00  00  00  00  00
1020324     380594.500   0101   8   fe  01  3e  00  00  00  00  00
1025965     382695.625   0101   8   fe  01  3e  00  00  00  00  00
1031601     384797.000   0101   8   fe  01  3e  00  00  00  00  00
1037230     386898.000   0101   8   fe  01  3e  00  00  00  00  00
1042864     388999.281   0101   8   fe  01  3e  00  00  00  00  00
1048507     391100.250   0101   8   fe  01  3e  00  00  00  00  00
1054141     393201.625   0101   8   fe  01  3e  00  00  00  00  00
1059768     395302.625   0101   8   fe  01  3e  00  00  00  00  00
1065396     397403.594   0101   8   fe  01  3e  00  00  00  00  00
1071021     399504.813   0101   8   fe  01  3e  00  00  00  00  00
1076652     401605.844   0101   8   fe  01  3e  00  00  00  00  00
1082288     403706.969   0101   8   fe  01  3e  00  00  00  00  00
1087919     405809.063   0101   8   fe  01  3e  00  00  00  00  00
1093550     407910.281   0101   8   fe  01  3e  00  00  00  00  00
1099178     410011.563   0101   8   fe  01  3e  00  00  00  00  00
1104820     412112.531   0101   8   fe  01  3e  00  00  00  00  00
1110462     414213.656   0101   8   fe  01  3e  00  00  00  00  00
1116085     416314.781   0101   8   fe  01  3e  00  00  00  00  00
1121711     418415.906   0101   8   fe  01  3e  00  00  00  00  00
1127339     420517.063   0101   8   fe  01  3e  00  00  00  00  00
1132968     422618.750   0101   8   fe  01  3e  00  00  00  00  00
1138602     424719.563   0101   8   fe  01  3e  00  00  00  00  00
1144229     426820.719   0101   8   fe  01  3e  00  00  00  00  00
1149859     428921.781   0101   8   fe  01  3e  00  00  00  00  00
1155484     431022.969   0101   8   fe  01  3e  00  00  00  00  00
1161128     433124.281   0101   8   fe  01  3e  00  00  00  00  00
1166767     435225.406   0101   8   fe  01  3e  00  00  00  00  00
1172400     437326.563   0101   8   fe  01  3e  00  00  00  00  00
