  18545    9955.011   0326   8   81  a0  25  bc  81  a0  00  00
  18729   10053.898   0326   8   81  a0  25  bc  81  a0  00  00
  18915   10153.880   0326   8   81  a0  25  bc  81  a0  00  00
  19095   10253.850   0326   8   81  a0  25  bc  81  a0  00  00
  19283   10353.831   0326   8   81  a0  25  bc  81  a0  00  00
  19464   10453.799   0326   8   81  a0  25  bb  81  a0  00  00
  19649   10553.777   0326   8   81  a0  25  bb  81  a0  00  00
  19831   10653.756   0326   8   81  a0  25  bb  81  a0  00  00
  20023   10755.716   0326   8   81  a0  25  ba  81  a0  00  00
  20198   10853.708   0326   8   81  a0  25  ba  81  a0  00  00
  20402   10954.651   0326   8   81  a0  25  ba  81  a0  00  00
  20584   11054.512   0326   8   81  a0  25  ba  81  a0  00  00
  20770   11154.339   0326   8   81  a0  25  ba  81  a0  00  00
  20954   11254.164   0326   8   81  a0  25  ba  81  a0  00  00
  21138   11354.003   0326   8   81  a0  25  b9  81  a0  00  00
  21318   11453.839   0326   8   81  a0  25  b8  81  a0  00  00
  21507   11553.682   0326   8   81  a0  25  b8  81  a0  00  00
  21686   11653.553   0326   8   81  a0  25  b8  81  a0  00  00
  21877   11755.506   0326   8   81  a0  25  b8  81  a0  00  00
  22057   11853.490   0326   8   81  a0  25  b7  81  a0  00  00
  22259   11955.247   0326   8   81  a0  25  b6  81  a0  00  00
  22439   12053.884   0326   8   81  a0  25  b6  81  a0  00  00
  22628   12153.428   0326   8   81  a0  25  b5  81  a0  00  00
  22809   12253.406   0326   8   81  a0  25  b5  81  a0  00  00
  22992   12353.367   0326   8   81  a0  25  b4  81  a0  00  00
