      1   13212.973   18db33f1   8   02  01  00  00  00  00  00  00
      2   13214.707   18daf115   8   06  41  00  be  3f  a8  13  aa
      3   13215.496   18daf118   8   06  41  00  98  18  80  03  aa
      4   13375.460   18db33f1   8   02  01  00  00  00  00  00  00
      5   13376.459   18daf115   8   06  41  00  be  3f  a8  13  aa
      6   13385.545   18daf118   8   06  41  00  98  18  80  03  aa
      7   13459.453   18db33f1   8   02  01  20  00  00  00  00  00
      8   13461.483   18daf115   8   06  41  20  90  1f  e0  11  aa
      9   13465.561   18daf118   8   06  41  20  80  00  00  01  aa
     10   13517.960   18db33f1   8   02  01  40  00  00  00  00  00
     11   13519.521   18daf115   8   06  41  40  fe  d8  80  11  aa
     12   13525.583   18daf118   8   06  41  40  ca  00  00  00  aa
     13   13604.211   18db33f1   8   02  01  60  00  00  00  00  00
     14   13605.977   18daf115   8   06  41  60  60  08  00  01  aa
     15   13684.220   18db33f1   8   02  01  80  00  00  00  00  00
     16   13685.666   18daf115   8   06  41  80  00  04  00  0d  aa
     17   13750.260   18db33f1   8   02  01  a0  00  00  00  00  00
     18   13752.310   18daf115   8   06  41  a0  04  00  00  00  aa
     19   13847.057   18db33f1   8   02  09  0a  00  00  00  00  00
     20   13848.638   18daf115   8   10  17  49  0a  01  45  43  4d
     21   13848.962   18da15f1   8   30  00  00  00  00  00  00  00
     22   13849.992   18daf115   8   21  00  2d  45  6e  67  69  6e
     23   13850.262   18daf115   8   22  65  43  6f  6e  74  72  6f
     24   13850.550   18daf115   8   23  6c  00  00  aa  aa  aa  aa
     25   13855.751   18daf118   8   10  17  49  0a  01  54  43  4d
     26   13856.081   18da18f1   8   30  00  00  00  00  00  00  00
     27   13856.863   18daf118   8   21  00  2d  54  72  61  6e  73
     28   13857.739   18daf118   8   22  6d  69  73  43  74  72  6c
     29   13858.791   18daf118   8   23  00  00  00  aa  aa  aa  aa
     30   14095.558   18da15f1   8   02  01  00  00  00  00  00  00
     31   14096.556   18daf115   8   06  41  00  be  3f  a8  13  aa
     32   14153.210   18da15f1   8   02  01  00  00  00  00  00  00
     33   14154.234   18daf115   8   06  41  00  be  3f  a8  13  aa
     34   14209.326   18da15f1   8   02  01  01  00  00  00  00  00
     35   14210.282   18daf115   8   06  41  01  00  07  e5  00  aa
     36   14310.794   18db33f1   8   02  09  02  00  00  00  00  00
     37   14311.552   18daf115   8   10  14  49  02  01  4a  4e  38
     38   14311.878   18da15f1   8   30  00  00  00  00  00  00  00
     39   14312.596   18daf115   8   21  41  54  33  44  43  35  4d
     40   14313.218   18daf115   8   22  57  31  30  34  32  35  31
     41   14498.073   18da15f1   8   02  01  01  00  00  00  00  00
     42   14499.058   18daf115   8   06  41  01  00  07  e5  00  aa
     43   14558.325   18da15f1   8   02  01  2f  00  00  00  00  00
     44   14559.703   18daf115   8   03  41  2f  83  aa  aa  aa  aa
     45   14621.829   18da15f1   8   02  01  21  00  00  00  00  00
     46   14623.161   18daf115   8   04  41  21  00  00  aa  aa  aa
     47   14656.825   18da15f1   8   02  01  4d  00  00  00  00  00
     48   14657.651   18daf115   8   04  41  4d  00  00  aa  aa  aa
     49   14734.326   18da15f1   8   02  01  0d  00  00  00  00  00
     50   14735.458   18daf115   8   03  41  0d  00  aa  aa  aa  aa
     51   14779.327   18da15f1   8   02  01  10  00  00  00  00  00
     52   14780.589   18daf115   8   04  41  10  01  60  aa  aa  aa
     53   14805.825   18da15f1   8   02  01  44  00  00  00  00  00
     54   14807.147   18daf115   8   04  41  44  7f  fc  aa  aa  aa
     55   14828.081   18da15f1   8   02  01  0d  00  00  00  00  00
     56   14830.023   18daf115   8   03  41  0d  00  aa  aa  aa  aa
     57   14847.981   18da15f1   8   02  01  10  00  00  00  00  00
     58   14849.039   18daf115   8   04  41  10  01  64  aa  aa  aa
     59   14870.420   18da15f1   8   02  01  44  00  00  00  00  00
     60   14871.499   18daf115   8   04  41  44  7f  fc  aa  aa  aa
     61   14897.979   18da15f1   8   02  01  0d  00  00  00  00  00
     62   14899.527   18daf115   8   03  41  0d  00  aa  aa  aa  aa
     63   14928.225   18da15f1   8   02  01  10  00  00  00  00  00
     64   14929.947   18daf115   8   04  41  10  01  6a  aa  aa  aa
     65   14951.729   18da15f1   8   02  01  44  00  00  00  00  00
     66   14953.081   18daf115   8   04  41  44  7f  fc  aa  aa  aa
     67   14975.365   18da15f1   8   02  01  0d  00  00  00  00  00
     68   14977.052   18daf115   8   03  41  0d  00  aa  aa  aa  aa
     69   15005.484   18da15f1   8   02  01  10  00  00  00  00  00
     70   15006.670   18daf115   8   04  41  10  01  6d  aa  aa  aa
     71   15029.223   18da15f1   8   02  01  44  00  00  00  00  00
     72   15030.285   18daf115   8   04  41  44  7f  fc  aa  aa  aa
     73   15055.725   18da15f1   8   02  01  0d  00  00  00  00  00
     74   15056.917   18daf115   8   03  41  0d  00  aa  aa  aa  aa
     75   15116.735   18da15f1   8   02  01  10  00  00  00  00  00
     76   15118.363   18daf115   8   04  41  10  01  67  aa  aa  aa
     77   15180.479   18da15f1   8   02  01  44  00  00  00  00  00
     78   15181.852   18daf115   8   04  41  44  7f  fc  aa  aa  aa
     79   15234.227   18da15f1   8   02  01  0d  00  00  00  00  00
     80   15236.067   18daf115   8   03  41  0d  00  aa  aa  aa  aa
     81   15312.981   18da15f1   8   02  01  10  00  00  00  00  00
     82   15313.897   18daf115   8   04  41  10  01  5b  aa  aa  aa
     83   15378.126   18da15f1   8   02  01  44  00  00  00  00  00
     84   15379.704   18daf115   8   04  41  44  7f  fc  aa  aa  aa
     85   15430.282   18da15f1   8   02  01  0d  00  00  00  00  00
     86   15431.693   18daf115   8   03  41  0d  00  aa  aa  aa  aa
     87   15479.235   18da15f1   8   02  01  10  00  00  00  00  00
     88   15480.911   18daf115   8   04  41  10  01  5e  aa  aa  aa
     89   15556.724   18da15f1   8   02  01  44  00  00  00  00  00
     90   15557.610   18daf115   8   04  41  44  7f  fc  aa  aa  aa
     91   15622.782   18da15f1   8   02  01  0d  00  00  00  00  00
     92   15624.238   18daf115   8   03  41  0d  00  aa  aa  aa  aa
     93   15694.483   18da15f1   8   02  01  10  00  00  00  00  00
     94   15695.935   18daf115   8   04  41  10  01  64  aa  aa  aa
     95   15739.225   18da15f1   8   02  01  44  00  00  00  00  00
     96   15740.494   18daf115   8   04  41  44  7f  fc  aa  aa  aa
     97   15797.878   18da15f1   8   02  01  0d  00  00  00  00  00
     98   15799.376   18daf115   8   03  41  0d  00  aa  aa  aa  aa
     99   15931.766   18da15f1   8   02  01  10  00  00  00  00  00
    100   15932.504   18daf115   8   04  41  10  01  64  aa  aa  aa
    101   16015.649   18da15f1   8   02  01  44  00  00  00  00  00
    102   16016.415   18daf115   8   04  41  44  7f  fc  aa  aa  aa
    103   16044.505   18da15f1   8   02  01  0d  00  00  00  00  00
    104   16046.168   18daf115   8   03  41  0d  00  aa  aa  aa  aa
    105   16071.766   18da15f1   8   02  01  10  00  00  00  00  00
    106   16073.034   18daf115   8   04  41  10  01  6d  aa  aa  aa
    107   16098.012   18da15f1   8   02  01  44  00  00  00  00  00
    108   16099.794   18daf115   8   04  41  44  7f  fc  aa  aa  aa
    109   16123.012   18da15f1   8   02  01  0d  00  00  00  00  00
    110   16124.014   18daf115   8   03  41  0d  00  aa  aa  aa  aa
    111   16140.500   18da15f1   8   02  01  10  00  00  00  00  00
    112   16141.372   18daf115   8   04  41  10  01  63  aa  aa  aa
    113   16160.761   18da15f1   8   02  01  44  00  00  00  00  00
    114   16161.831   18daf115   8   04  41  44  7f  fc  aa  aa  aa
    115   16189.266   18da15f1   8   02  01  0d  00  00  00  00  00
    116   16190.544   18daf115   8   03  41  0d  00  aa  aa  aa  aa
    117   16210.520   18da15f1   8   02  01  10  00  00  00  00  00
    118   16212.428   18daf115   8   04  41  10  01  6d  aa  aa  aa
    119   16235.522   18da15f1   8   02  01  44  00  00  00  00  00
    120   16236.680   18daf115   8   04  41  44  7f  fc  aa  aa  aa
    121   16273.013   18da15f1   8   02  01  0d  00  00  00  00  00
    122   16273.887   18daf115   8   03  41  0d  00  aa  aa  aa  aa
    123   16305.777   18da15f1   8   02  01  10  00  00  00  00  00
    124   16307.247   18daf115   8   04  41  10  01  63  aa  aa  aa
    125   16333.009   18da15f1   8   02  01  44  00  00  00  00  00
    126   16334.083   18daf115   8   04  41  44  7f  fc  aa  aa  aa
    127   16413.008   18da15f1   8   02  01  0d  00  00  00  00  00
    128   16414.814   18daf115   8   03  41  0d  00  aa  aa  aa  aa
    129   16476.766   18da15f1   8   02  01  10  00  00  00  00  00
    130   16478.645   18daf115   8   04  41  10  01  6a  aa  aa  aa
    131   16532.816   18da15f1   8   02  01  44  00  00  00  00  00
    132   16533.619   18daf115   8   04  41  44  7f  fc  aa  aa  aa
    133   16578.264   18da15f1   8   02  01  0d  00  00  00  00  00
    134   16579.637   18daf115   8   03  41  0d  00  aa  aa  aa  aa
    135   16637.820   18da15f1   8   02  01  10  00  00  00  00  00
    136   16639.053   18daf115   8   04  41  10  01  6c  aa  aa  aa
    137   16685.516   18da15f1   8   02  01  1c  00  00  00  00  00
    138   16687.248   18daf115   8   03  41  1c  01  aa  aa  aa  aa
    139   16742.910   18da15f1   8   02  01  44  00  00  00  00  00
    140   16744.900   18daf115   8   04  41  44  7f  fc  aa  aa  aa
    141   16814.268   18da15f1   8   02  01  0d  00  00  00  00  00
    142   16815.178   18daf115   8   03  41  0d  00  aa  aa  aa  aa
    143   16903.195   18da15f1   8   02  01  10  00  00  00  00  00
    144   16904.307   18daf115   8   04  41  10  01  62  aa  aa  aa
    145   16966.693   18da15f1   8   02  01  44  00  00  00  00  00
    146   16967.754   18daf115   8   04  41  44  7f  fc  aa  aa  aa
    147   17022.746   18da15f1   8   02  01  0d  00  00  00  00  00
    148   17024.018   18daf115   8   03  41  0d  00  aa  aa  aa  aa
    149   17094.197   18da15f1   8   02  01  10  00  00  00  00  00
    150   17095.699   18daf115   8   04  41  10  01  6a  aa  aa  aa
    151   17157.945   18da15f1   8   02  01  44  00  00  00  00  00
    152   17159.477   18daf115   8   04  41  44  7f  fc  aa  aa  aa
    153   17211.945   18da15f1   8   02  01  0d  00  00  00  00  00
    154   17213.551   18daf115   8   03  41  0d  00  aa  aa  aa  aa
    155   17267.748   18da15f1   8   02  01  10  00  00  00  00  00
    156   17268.836   18daf115   8   04  41  10  01  61  aa  aa  aa
    157   17320.256   18da15f1   8   02  01  44  00  00  00  00  00
    158   17322.086   18daf115   8   04  41  44  7f  fc  aa  aa  aa
    159   17372.754   18da15f1   8   02  01  0d  00  00  00  00  00
    160   17374.354   18daf115   8   03  41  0d  00  aa  aa  aa  aa
    161   17416.705   18da15f1   8   02  01  10  00  00  00  00  00
    162   17418.322   18daf115   8   04  41  10  01  6b  aa  aa  aa
    163   17445.697   18da15f1   8   02  01  44  00  00  00  00  00
    164   17447.305   18daf115   8   04  41  44  7f  fc  aa  aa  aa
    165   17472.947   18da15f1   8   02  01  0d  00  00  00  00  00
    166   17473.809   18daf115   8   03  41  0d  00  aa  aa  aa  aa
    167   17501.703   18da15f1   8   02  01  10  00  00  00  00  00
    168   17502.672   18daf115   8   04  41  10  01  68  aa  aa  aa
    169   17522.951   18da15f1   8   02  01  44  00  00  00  00  00
    170   17523.762   18daf115   8   04  41  44  7f  fc  aa  aa  aa
    171   17541.697   18da15f1   8   02  01  0d  00  00  00  00  00
    172   17543.852   18daf115   8   03  41  0d  00  aa  aa  aa  aa
    173   17570.699   18da15f1   8   02  01  10  00  00  00  00  00
    174   17571.951   18daf115   8   04  41  10  01  6c  aa  aa  aa
    175   17592.945   18da15f1   8   02  01  44  00  00  00  00  00
    176   17594.861   18daf115   8   04  41  44  7f  fc  aa  aa  aa
    177   17617.816   18da15f1   8   02  01  0d  00  00  00  00  00
    178   17619.051   18daf115   8   03  41  0d  00  aa  aa  aa  aa
    179   17659.217   18da15f1   8   02  01  10  00  00  00  00  00
    180   17660.402   18daf115   8   04  41  10  01  6a  aa  aa  aa
    181   17695.586   18da15f1   8   02  01  44  00  00  00  00  00
    182   17697.184   18daf115   8   04  41  44  7f  fc  aa  aa  aa
    183   17822.934   18db33f1   8   02  06  00  00  00  00  00  00
    184   17823.975   18daf115   8   06  46  00  c0  00  00  01  aa
    185   17875.502   18db33f1   8   02  06  20  00  00  00  00  00
    186   17877.213   18daf115   8   06  46  20  80  00  88  19  aa
    187   17937.002   18db33f1   8   02  06  40  00  00  00  00  00
    188   17938.684   18daf115   8   06  46  40  c0  00  00  01  aa
    189   18025.494   18db33f1   8   02  06  60  00  00  00  00  00
    190   18026.699   18daf115   8   06  46  60  00  00  00  01  aa
    191   18090.404   18db33f1   8   02  06  80  00  00  00  00  00
    192   18091.330   18daf115   8   06  46  80  80  00  00  01  aa
    193   18142.904   18db33f1   8   02  06  a0  00  00  00  00  00
    194   18144.553   18daf115   8   06  46  a0  78  00  00  00  aa
    195   18436.764   18da15f1   8   02  01  0d  00  00  00  00  00
    196   18438.365   18daf115   8   03  41  0d  00  aa  aa  aa  aa
    197   18492.816   18da15f1   8   02  01  10  00  00  00  00  00
    198   18493.678   18daf115   8   04  41  10  01  60  aa  aa  aa
    199   18737.803   18db33f1   8   02  08  00  00  00  00  00  00
    200   18739.496   18daf115   8   06  48  00  80  00  00  00  aa
    201   19046.723   18da15f1   8   02  01  44  00  00  00  00  00
    202   19047.572   18daf115   8   04  41  44  7f  fc  aa  aa  aa
    203   19161.727   18da15f1   8   02  01  0d  00  00  00  00  00
    204   19163.350   18daf115   8   03  41  0d  00  aa  aa  aa  aa
    205   19227.779   18da15f1   8   02  01  10  00  00  00  00  00
    206   19228.881   18daf115   8   04  41  10  01  66  aa  aa  aa
    207   19299.227   18da15f1   8   02  01  44  00  00  00  00  00
    208   19301.162   18daf115   8   04  41  44  7f  fc  aa  aa  aa
    209   19363.223   18da15f1   8   02  01  0d  00  00  00  00  00
    210   19364.041   18daf115   8   03  41  0d  00  aa  aa  aa  aa
    211   19420.377   18da15f1   8   02  01  10  00  00  00  00  00
    212   19421.457   18daf115   8   04  41  10  01  62  aa  aa  aa
    213   19491.723   18da15f1   8   02  01  44  00  00  00  00  00
    214   19493.129   18daf115   8   04  41  44  7f  fc  aa  aa  aa
    215   19542.756   18da15f1   8   02  01  0d  00  00  00  00  00
    216   19544.289   18daf115   8   03  41  0d  00  aa  aa  aa  aa
    217   19587.977   18da15f1   8   02  01  10  00  00  00  00  00
    218   19589.361   18daf115   8   04  41  10  01  67  aa  aa  aa
    219   19636.979   18da15f1   8   02  01  44  00  00  00  00  00
    220   19638.504   18daf115   8   04  41  44  7f  fc  aa  aa  aa
    221   19667.977   18da15f1   8   02  01  0d  00  00  00  00  00
    222   19669.506   18daf115   8   03  41  0d  00  aa  aa  aa  aa
    223   19692.977   18da15f1   8   02  01  10  00  00  00  00  00
    224   19694.170   18daf115   8   04  41  10  01  6a  aa  aa  aa
    225   19725.613   18da15f1   8   02  01  44  00  00  00  00  00
    226   19726.576   18daf115   8   04  41  44  7f  fc  aa  aa  aa
    227   19749.227   18da15f1   8   02  01  0d  00  00  00  00  00
    228   19750.074   18daf115   8   03  41  0d  00  aa  aa  aa  aa
    229   19770.734   18da15f1   8   02  01  10  00  00  00  00  00
    230   19771.654   18daf115   8   04  41  10  01  6b  aa  aa  aa
    231   19797.980   18da15f1   8   02  01  44  00  00  00  00  00
    232   19799.484   18daf115   8   04  41  44  7f  fc  aa  aa  aa
    233   19824.227   18da15f1   8   02  01  0d  00  00  00  00  00
    234   19825.824   18daf115   8   03  41  0d  00  aa  aa  aa  aa
    235   19853.045   18da15f1   8   02  01  10  00  00  00  00  00
    236   19854.568   18daf115   8   04  41  10  01  68  aa  aa  aa
    237   19881.791   18da15f1   8   02  01  44  00  00  00  00  00
    238   19883.297   18daf115   8   04  41  44  7f  fc  aa  aa  aa
    239   19903.287   18da15f1   8   02  01  0d  00  00  00  00  00
    240   19904.996   18daf115   8   03  41  0d  00  aa  aa  aa  aa
    241   19931.799   18da15f1   8   02  01  10  00  00  00  00  00
    242   19933.488   18daf115   8   04  41  10  01  68  aa  aa  aa
    243   19955.539   18da15f1   8   02  01  44  00  00  00  00  00
    244   19957.061   18daf115   8   04  41  44  7f  fc  aa  aa  aa
    245   19980.504   18da15f1   8   02  01  0d  00  00  00  00  00
    246   19981.539   18daf115   8   03  41  0d  00  aa  aa  aa  aa
    247   20008.047   18da15f1   8   02  01  10  00  00  00  00  00
    248   20009.270   18daf115   8   04  41  10  01  6b  aa  aa  aa
    249   20042.039   18da15f1   8   02  01  44  00  00  00  00  00
    250   20043.881   18daf115   8   04  41  44  7f  fc  aa  aa  aa
    251   20085.537   18da15f1   8   02  01  0d  00  00  00  00  00
    252   20087.115   18daf115   8   03  41  0d  00  aa  aa  aa  aa
    253   20113.045   18da15f1   8   02  01  10  00  00  00  00  00
    254   20114.074   18daf115   8   04  41  10  01  60  aa  aa  aa
    255   20138.008   18da15f1   8   02  01  44  00  00  00  00  00
    256   20139.805   18daf115   8   04  41  44  7f  fc  aa  aa  aa
    257   20165.541   18da15f1   8   02  01  0d  00  00  00  00  00
    258   20166.980   18daf115   8   03  41  0d  00  aa  aa  aa  aa
    259   20190.805   18da15f1   8   02  01  10  00  00  00  00  00
    260   20192.498   18daf115   8   04  41  10  01  61  aa  aa  aa
    261   20260.447   18da15f1   8   02  01  44  00  00  00  00  00
    262   20261.213   18daf115   8   04  41  44  7f  fc  aa  aa  aa
    263   20331.795   18da15f1   8   02  01  0d  00  00  00  00  00
    264   20333.111   18daf115   8   03  41  0d  00  aa  aa  aa  aa
    265   20376.799   18da15f1   8   02  01  10  00  00  00  00  00
    266   20377.924   18daf115   8   04  41  10  01  70  aa  aa  aa
    267   20459.299   18da15f1   8   02  01  44  00  00  00  00  00
    268   20460.971   18daf115   8   04  41  44  7f  fc  aa  aa  aa
    269   20507.047   18da15f1   8   02  01  0d  00  00  00  00  00
    270   20508.152   18daf115   8   03  41  0d  00  aa  aa  aa  aa
    271   20533.051   18da15f1   8   02  01  10  00  00  00  00  00
    272   20534.100   18daf115   8   04  41  10  01  6e  aa  aa  aa
    273   20557.975   18da15f1   8   02  01  44  00  00  00  00  00
    274   20559.107   18daf115   8   04  41  44  7f  fc  aa  aa  aa
    275   20588.045   18da15f1   8   02  01  0d  00  00  00  00  00
    276   20588.895   18daf115   8   03  41  0d  00  aa  aa  aa  aa
    277   20649.297   18da15f1   8   02  01  10  00  00  00  00  00
    278   20650.348   18daf115   8   04  41  10  01  6c  aa  aa  aa
    279   20707.037   18da15f1   8   02  01  44  00  00  00  00  00
    280   20708.098   18daf115   8   04  41  44  7f  fc  aa  aa  aa
    281   20733.031   18da15f1   8   02  01  0d  00  00  00  00  00
    282   20734.551   18daf115   8   03  41  0d  00  aa  aa  aa  aa
    283   20761.799   18da15f1   8   02  01  10  00  00  00  00  00
    284   20763.309   18daf115   8   04  41  10  01  67  aa  aa  aa
    285   20824.293   18da15f1   8   02  01  44  00  00  00  00  00
    286   20825.367   18daf115   8   04  41  44  7f  fc  aa  aa  aa
    287   20869.230   18da15f1   8   02  01  0d  00  00  00  00  00
    288   20870.367   18daf115   8   03  41  0d  00  aa  aa  aa  aa
    289   20901.980   18da15f1   8   02  01  10  00  00  00  00  00
    290   20903.275   18daf115   8   04  41  10  01  73  aa  aa  aa
    291   20947.988   18da15f1   8   02  01  44  00  00  00  00  00
    292   20949.518   18daf115   8   04  41  44  7f  fc  aa  aa  aa
    293   20977.836   18da15f1   8   02  01  0d  00  00  00  00  00
    294   20978.971   18daf115   8   03  41  0d  00  aa  aa  aa  aa
    295   21005.490   18da15f1   8   02  01  10  00  00  00  00  00
    296   21006.648   18daf115   8   04  41  10  01  61  aa  aa  aa
    297   21030.348   18da15f1   8   02  01  44  00  00  00  00  00
    298   21032.176   18daf115   8   04  41  44  7f  fc  aa  aa  aa
    299   21108.105   18db33f1   8   02  09  00  00  00  00  00  00
    300   21109.098   18daf115   8   06  49  00  55  40  37  89  aa
    301   21117.584   18daf118   8   06  49  00  14  40  00  00  aa
    302   21184.223   18db33f1   8   02  09  20  00  00  00  00  00
    303   21185.873   18daf115   8   06  49  20  10  00  00  00  aa
    304   21359.234   18da15f1   8   02  01  0d  00  00  00  00  00
    305   21361.316   18daf115   8   03  41  0d  00  aa  aa  aa  aa
    306   21380.455   18da15f1   8   02  01  10  00  00  00  00  00
    307   21381.414   18daf115   8   04  41  10  01  68  aa  aa  aa
    308   21408.236   18da15f1   8   02  01  44  00  00  00  00  00
    309   21410.221   18daf115   8   04  41  44  7f  fc  aa  aa  aa
    310   21441.738   18da15f1   8   02  01  0d  00  00  00  00  00
    311   21442.891   18daf115   8   03  41  0d  00  aa  aa  aa  aa
    312   21460.494   18da15f1   8   02  01  10  00  00  00  00  00
    313   21461.816   18daf115   8   04  41  10  01  6d  aa  aa  aa
    314   21499.234   18da15f1   8   02  01  44  00  00  00  00  00
    315   21500.539   18daf115   8   04  41  44  7f  fc  aa  aa  aa
    316   21555.291   18da15f1   8   02  01  0d  00  00  00  00  00
    317   21556.465   18daf115   8   03  41  0d  00  aa  aa  aa  aa
    318   21608.043   18da15f1   8   02  01  10  00  00  00  00  00
    319   21609.104   18daf115   8   04  41  10  01  67  aa  aa  aa
    320   21677.891   18da15f1   8   02  01  44  00  00  00  00  00
    321   21679.553   18daf115   8   04  41  44  7f  fc  aa  aa  aa
    322   21730.389   18da15f1   8   02  01  0d  00  00  00  00  00
    323   21731.934   18daf115   8   03  41  0d  00  aa  aa  aa  aa
    324   21782.793   18da15f1   8   02  01  10  00  00  00  00  00
    325   21783.820   18daf115   8   04  41  10  01  6b  aa  aa  aa
    326   21849.230   18da15f1   8   02  01  44  00  00  00  00  00
    327   21850.721   18daf115   8   04  41  44  7f  fc  aa  aa  aa
    328   21884.473   18da15f1   8   02  01  0d  00  00  00  00  00
    329   21885.568   18daf115   8   03  41  0d  00  aa  aa  aa  aa
    330   21936.727   18da15f1   8   02  01  10  00  00  00  00  00
    331   21937.418   18daf115   8   04  41  10  01  62  aa  aa  aa
    332   21992.779   18da15f1   8   02  01  44  00  00  00  00  00
    333   21994.752   18daf115   8   04  41  44  7f  fc  aa  aa  aa
    334   22115.379   18da15f1   8   02  01  0d  00  00  00  00  00
    335   22116.744   18daf115   8   03  41  0d  00  aa  aa  aa  aa
    336   22249.230   18da15f1   8   02  01  10  00  00  00  00  00
    337   22251.160   18daf115   8   04  41  10  01  6a  aa  aa  aa
    338   22308.123   18da15f1   8   02  01  44  00  00  00  00  00
    339   22309.211   18daf115   8   04  41  44  7f  fc  aa  aa  aa
    340   22379.227   18da15f1   8   02  01  0d  00  00  00  00  00
    341   22380.936   18daf115   8   03  41  0d  00  aa  aa  aa  aa
    342   22426.729   18da15f1   8   02  01  10  00  00  00  00  00
    343   22428.307   18daf115   8   04  41  10  01  67  aa  aa  aa
    344   22482.781   18da15f1   8   02  01  44  00  00  00  00  00
    345   22484.250   18daf115   8   04  41  44  7f  fc  aa  aa  aa
    346   22531.725   18da15f1   8   02  01  0d  00  00  00  00  00
    347   22532.586   18daf115   8   03  41  0d  00  aa  aa  aa  aa
    348   22588.133   18da15f1   8   02  01  10  00  00  00  00  00
    349   22589.809   18daf115   8   04  41  10  01  6a  aa  aa  aa
    350   22659.229   18da15f1   8   02  01  44  00  00  00  00  00
    351   22661.322   18daf115   8   04  41  44  7f  fc  aa  aa  aa
    352   22710.266   18da15f1   8   02  01  0d  00  00  00  00  00
    353   22711.578   18daf115   8   03  41  0d  00  aa  aa  aa  aa
    354   22801.729   18da15f1   8   02  01  10  00  00  00  00  00
    355   22803.121   18daf115   8   04  41  10  01  76  aa  aa  aa
    356   22846.793   18da15f1   8   02  01  44  00  00  00  00  00
    357   22848.283   18daf115   8   04  41  44  7f  fc  aa  aa  aa
    358   22899.545   18da15f1   8   02  01  0d  00  00  00  00  00
    359   22901.176   18daf115   8   03  41  0d  00  aa  aa  aa  aa
    360   22955.348   18da15f1   8   02  01  10  00  00  00  00  00
    361   22956.488   18daf115   8   04  41  10  01  72  aa  aa  aa
    362   23000.547   18da15f1   8   02  01  44  00  00  00  00  00
    363   23001.836   18daf115   8   04  41  44  7f  fc  aa  aa  aa
    364   23020.545   18da15f1   8   02  01  0d  00  00  00  00  00
    365   23022.350   18daf115   8   03  41  0d  00  aa  aa  aa  aa
    366   23045.543   18da15f1   8   02  01  10  00  00  00  00  00
    367   23046.602   18daf115   8   04  41  10  01  7a  aa  aa  aa
    368   23070.795   18da15f1   8   02  01  44  00  00  00  00  00
    369   23072.115   18daf115   8   04  41  44  7f  fc  aa  aa  aa
    370   23112.848   18da15f1   8   02  01  0d  00  00  00  00  00
    371   23114.473   18daf115   8   03  41  0d  00  aa  aa  aa  aa
    372   23184.295   18da15f1   8   02  01  10  00  00  00  00  00
    373   23186.148   18daf115   8   04  41  10  01  70  aa  aa  aa
    374   23273.043   18da15f1   8   02  01  44  00  00  00  00  00
    375   23274.926   18daf115   8   04  41  44  7f  fc  aa  aa  aa
    376   23336.799   18da15f1   8   02  01  0d  00  00  00  00  00
    377   23338.590   18daf115   8   03  41  0d  00  aa  aa  aa  aa
    378   23375.574   18da15f1   8   02  01  10  00  00  00  00  00
    379   23377.340   18daf115   8   04  41  10  01  71  aa  aa  aa
    380   23440.539   18da15f1   8   02  01  44  00  00  00  00  00
    381   23442.217   18daf115   8   04  41  44  7f  fc  aa  aa  aa
    382   23480.324   18da15f1   8   02  01  0d  00  00  00  00  00
    383   23481.727   18daf115   8   03  41  0d  00  aa  aa  aa  aa
    384   23544.305   18da15f1   8   02  01  10  00  00  00  00  00
    385   23545.219   18daf115   8   04  41  10  01  68  aa  aa  aa
    386   23581.795   18da15f1   8   02  01  44  00  00  00  00  00
    387   23583.758   18daf115   8   04  41  44  7f  fc  aa  aa  aa
    388   23634.547   18da15f1   8   02  01  0d  00  00  00  00  00
    389   23635.342   18daf115   8   03  41  0d  00  aa  aa  aa  aa
    390   23690.350   18da15f1   8   02  01  10  00  00  00  00  00
    391   23691.754   18daf115   8   04  41  10  01  73  aa  aa  aa
    392   23742.945   18da15f1   8   02  01  44  00  00  00  00  00
    393   23744.297   18daf115   8   04  41  44  7f  fc  aa  aa  aa
    394   23785.678   18da15f1   8   02  01  0d  00  00  00  00  00
    395   23786.938   18daf115   8   03  41  0d  00  aa  aa  aa  aa
    396   23813.033   18da15f1   8   02  01  10  00  00  00  00  00
    397   23814.627   18daf115   8   04  41  10  01  71  aa  aa  aa
    398   23840.691   18da15f1   8   02  01  44  00  00  00  00  00
    399   23841.486   18daf115   8   04  41  44  7f  fc  aa  aa  aa
    400   23865.432   18da15f1   8   02  01  0d  00  00  00  00  00
    401   23866.803   18daf115   8   03  41  0d  00  aa  aa  aa  aa
    402   23895.447   18da15f1   8   02  01  10  00  00  00  00  00
    403   23896.512   18daf115   8   04  41  10  01  6d  aa  aa  aa
    404   23935.242   18da15f1   8   02  01  44  00  00  00  00  00
    405   23936.316   18daf115   8   04  41  44  7f  fc  aa  aa  aa
    406   23987.846   18da15f1   8   02  01  0d  00  00  00  00  00
    407   23988.717   18daf115   8   03  41  0d  00  aa  aa  aa  aa
    408   24028.195   18da15f1   8   02  01  10  00  00  00  00  00
    409   24029.740   18daf115   8   04  41  10  01  6a  aa  aa  aa
    410   24060.443   18da15f1   8   02  01  44  00  00  00  00  00
    411   24061.258   18daf115   8   04  41  44  7f  fc  aa  aa  aa
    412   24085.445   18da15f1   8   02  01  0d  00  00  00  00  00
    413   24087.248   18daf115   8   03  41  0d  00  aa  aa  aa  aa
    414   24110.453   18da15f1   8   02  01  10  00  00  00  00  00
    415   24111.498   18daf115   8   04  41  10  01  6f  aa  aa  aa
    416   24140.443   18da15f1   8   02  01  44  00  00  00  00  00
    417   24141.146   18daf115   8   04  41  44  7f  fc  aa  aa  aa
    418   24180.494   18da15f1   8   02  01  0d  00  00  00  00  00
    419   24181.139   18daf115   8   03  41  0d  00  aa  aa  aa  aa
    420   24251.701   18da15f1   8   02  01  10  00  00  00  00  00
    421   24252.807   18daf115   8   04  41  10  01  6e  aa  aa  aa
    422   24315.445   18da15f1   8   02  01  44  00  00  00  00  00
    423   24316.303   18daf115   8   04  41  44  7f  fc  aa  aa  aa
    424   24369.197   18da15f1   8   02  01  0d  00  00  00  00  00
    425   24370.549   18daf115   8   03  41  0d  00  aa  aa  aa  aa
    426   24425.268   18da15f1   8   02  01  10  00  00  00  00  00
    427   24426.918   18daf115   8   04  41  10  01  6a  aa  aa  aa
    428   24496.941   18da15f1   8   02  01  44  00  00  00  00  00
    429   24498.605   18daf115   8   04  41  44  7f  fc  aa  aa  aa
    430   24560.447   18da15f1   8   02  01  0d  00  00  00  00  00
    431   24562.082   18daf115   8   03  41  0d  00  aa  aa  aa  aa
    432   24614.195   18da15f1   8   02  01  10  00  00  00  00  00
    433   24615.580   18daf115   8   04  41  10  01  70  aa  aa  aa
    434   24649.201   18da15f1   8   02  01  44  00  00  00  00  00
    435   24650.490   18daf115   8   04  41  44  7f  fc  aa  aa  aa
    436   24676.693   18da15f1   8   02  01  0d  00  00  00  00  00
    437   24677.713   18daf115   8   03  41  0d  00  aa  aa  aa  aa
    438   24698.193   18da15f1   8   02  01  10  00  00  00  00  00
    439   24699.566   18daf115   8   04  41  10  01  71  aa  aa  aa
    440   24722.832   18da15f1   8   02  01  44  00  00  00  00  00
    441   24723.898   18daf115   8   04  41  44  7f  fc  aa  aa  aa
    442   24752.947   18da15f1   8   02  01  0d  00  00  00  00  00
    443   24754.576   18daf115   8   03  41  0d  00  aa  aa  aa  aa
    444   24789.199   18da15f1   8   02  01  10  00  00  00  00  00
    445   24790.377   18daf115   8   04  41  10  01  6c  aa  aa  aa
    446   24845.289   18da15f1   8   02  01  44  00  00  00  00  00
    447   24846.803   18daf115   8   04  41  44  7f  fc  aa  aa  aa
    448   24898.023   18da15f1   8   02  01  0d  00  00  00  00  00
    449   24898.947   18daf115   8   03  41  0d  00  aa  aa  aa  aa
    450   24967.926   18da15f1   8   02  01  10  00  00  00  00  00
    451   24969.963   18daf115   8   04  41  10  01  75  aa  aa  aa
    452   25039.223   18da15f1   8   02  01  44  00  00  00  00  00
    453   25040.973   18daf115   8   04  41  44  7f  fc  aa  aa  aa
    454   25102.975   18da15f1   8   02  01  0d  00  00  00  00  00
    455   25104.846   18daf115   8   03  41  0d  00  aa  aa  aa  aa
    456   25156.723   18da15f1   8   02  01  10  00  00  00  00  00
    457   25158.109   18daf115   8   04  41  10  01  6c  aa  aa  aa
    458   25260.723   18da15f1   8   02  01  44  00  00  00  00  00
    459   25261.449   18daf115   8   04  41  44  7f  fc  aa  aa  aa
    460   25392.971   18da15f1   8   02  01  0d  00  00  00  00  00
    461   25394.623   18daf115   8   03  41  0d  00  aa  aa  aa  aa
    462   25457.879   18da15f1   8   02  01  10  00  00  00  00  00
    463   25459.504   18daf115   8   04  41  10  01  74  aa  aa  aa
    464   25554.221   18da15f1   8   02  01  44  00  00  00  00  00
    465   25555.434   18daf115   8   04  41  44  7f  fc  aa  aa  aa
    466   25635.557   18da15f1   8   02  01  0d  00  00  00  00  00
    467   25636.279   18daf115   8   03  41  0d  00  aa  aa  aa  aa
    468   25681.979   18da15f1   8   02  01  10  00  00  00  00  00
    469   25684.758   18daf115   8   04  41  10  01  6e  aa  aa  aa
    470   25795.479   18da15f1   8   02  01  44  00  00  00  00  00
    471   25797.439   18daf115   8   04  41  44  7f  fc  aa  aa  aa
    472   25853.057   18da15f1   8   02  01  0d  00  00  00  00  00
    473   25854.516   18daf115   8   03  41  0d  00  aa  aa  aa  aa
    474   25906.807   18da15f1   8   02  01  10  00  00  00  00  00
    475   25907.865   18daf115   8   04  41  10  01  71  aa  aa  aa
    476   25965.373   18da15f1   8   02  01  44  00  00  00  00  00
    477   25966.090   18daf115   8   04  41  44  7f  fc  aa  aa  aa
    478   26037.049   18da15f1   8   02  01  0d  00  00  00  00  00
    479   26041.266   18daf115   8   03  41  0d  00  aa  aa  aa  aa
    480   26100.557   18da15f1   8   02  01  10  00  00  00  00  00
    481   26101.285   18daf115   8   04  41  10  01  77  aa  aa  aa
    482   26154.303   18da15f1   8   02  01  44  00  00  00  00  00
    483   26155.887   18daf115   8   04  41  44  7f  fc  aa  aa  aa
    484   26192.842   18da15f1   8   02  01  0d  00  00  00  00  00
    485   26194.523   18daf115   8   03  41  0d  00  aa  aa  aa  aa
    486   26238.059   18da15f1   8   02  01  10  00  00  00  00  00
    487   26239.766   18daf115   8   04  41  10  01  6a  aa  aa  aa
    488   26298.207   18da15f1   8   02  01  44  00  00  00  00  00
    489   26299.639   18daf115   8   04  41  44  7f  fc  aa  aa  aa
    490   26369.305   18da15f1   8   02  01  0d  00  00  00  00  00
    491   26370.988   18daf115   8   03  41  0d  00  aa  aa  aa  aa
    492   26458.063   18da15f1   8   02  01  10  00  00  00  00  00
    493   26459.668   18daf115   8   04  41  10  01  72  aa  aa  aa
    494   26521.805   18da15f1   8   02  01  44  00  00  00  00  00
    495   26523.514   18daf115   8   04  41  44  7f  fc  aa  aa  aa
    496   26577.861   18da15f1   8   02  01  0d  00  00  00  00  00
    497   26579.639   18daf115   8   03  41  0d  00  aa  aa  aa  aa
    498   26665.609   18da15f1   8   02  01  10  00  00  00  00  00
    499   26666.521   18daf115   8   04  41  10  01  73  aa  aa  aa
    500   26736.807   18da15f1   8   02  01  44  00  00  00  00  00
    501   26738.209   18daf115   8   04  41  44  7f  fc  aa  aa  aa
    502   26825.559   18da15f1   8   02  01  0d  00  00  00  00  00
    503   26826.348   18daf115   8   03  41  0d  00  aa  aa  aa  aa
    504   26889.217   18da15f1   8   02  01  10  00  00  00  00  00
    505   26890.893   18daf115   8   04  41  10  01  6a  aa  aa  aa
    506   26945.285   18da15f1   8   02  01  44  00  00  00  00  00
    507   26946.061   18daf115   8   04  41  44  7f  fc  aa  aa  aa
    508   27016.961   18da15f1   8   02  01  0d  00  00  00  00  00
    509   27018.699   18daf115   8   03  41  0d  00  aa  aa  aa  aa
    510   27080.463   18da15f1   8   02  01  10  00  00  00  00  00
    511   27081.271   18daf115   8   04  41  10  01  64  aa  aa  aa
    512   27134.215   18da15f1   8   02  01  44  00  00  00  00  00
    513   27135.447   18daf115   8   04  41  44  7f  fc  aa  aa  aa
    514   27190.260   18da15f1   8   02  01  0d  00  00  00  00  00
    515   27191.848   18daf115   8   03  41  0d  00  aa  aa  aa  aa
    516   27242.863   18da15f1   8   02  01  10  00  00  00  00  00
    517   27245.098   18daf115   8   04  41  10  01  67  aa  aa  aa
    518   27284.461   18da15f1   8   02  01  44  00  00  00  00  00
    519   27286.053   18daf115   8   04  41  44  7f  fc  aa  aa  aa
    520   27326.715   18da15f1   8   02  01  0d  00  00  00  00  00
    521   27328.047   18daf115   8   03  41  0d  00  aa  aa  aa  aa
    522   27382.770   18da15f1   8   02  01  10  00  00  00  00  00
    523   27384.658   18daf115   8   04  41  10  01  71  aa  aa  aa
    524   27454.215   18da15f1   8   02  01  44  00  00  00  00  00
    525   27454.941   18daf115   8   04  41  44  7f  fc  aa  aa  aa
    526   27517.965   18da15f1   8   02  01  0d  00  00  00  00  00
    527   27519.578   18daf115   8   03  41  0d  00  aa  aa  aa  aa
    528   27571.963   18da15f1   8   02  01  10  00  00  00  00  00
    529   27573.736   18daf115   8   04  41  10  01  6e  aa  aa  aa
    530   27627.760   18da15f1   8   02  01  44  00  00  00  00  00
    531   27629.045   18daf115   8   04  41  44  7f  fc  aa  aa  aa
    532   27699.209   18da15f1   8   02  01  0d  00  00  00  00  00
    533   27700.994   18daf115   8   03  41  0d  00  aa  aa  aa  aa
    534   27762.969   18da15f1   8   02  01  10  00  00  00  00  00
    535   27764.268   18daf115   8   04  41  10  01  75  aa  aa  aa
    536   27796.713   18da15f1   8   02  01  44  00  00  00  00  00
    537   27798.074   18daf115   8   04  41  44  7f  fc  aa  aa  aa
    538   27838.125   18da15f1   8   02  01  0d  00  00  00  00  00
    539   27839.121   18daf115   8   03  41  0d  00  aa  aa  aa  aa
    540   27865.539   18da15f1   8   02  01  10  00  00  00  00  00
    541   27866.682   18daf115   8   04  41  10  01  6e  aa  aa  aa
    542   27899.287   18da15f1   8   02  01  44  00  00  00  00  00
    543   27901.064   18daf115   8   04  41  44  7f  fc  aa  aa  aa
    544   27960.430   18da15f1   8   02  01  0d  00  00  00  00  00
    545   27961.990   18daf115   8   03  41  0d  00  aa  aa  aa  aa
    546   28031.783   18da15f1   8   02  01  10  00  00  00  00  00
    547   28032.572   18daf115   8   04  41  10  01  77  aa  aa  aa
    548   28095.783   18da15f1   8   02  01  44  00  00  00  00  00
    549   28097.402   18daf115   8   04  41  44  7f  fc  aa  aa  aa
    550   28152.938   18da15f1   8   02  01  0d  00  00  00  00  00
    551   28154.488   18daf115   8   03  41  0d  00  aa  aa  aa  aa
    552   28224.281   18da15f1   8   02  01  10  00  00  00  00  00
    553   28225.094   18daf115   8   04  41  10  01  6f  aa  aa  aa
    554   28288.029   18da15f1   8   02  01  44  00  00  00  00  00
    555   28289.754   18daf115   8   04  41  44  7f  fc  aa  aa  aa
    556   28426.783   18da15f1   8   02  01  0d  00  00  00  00  00
    557   28427.918   18daf115   8   03  41  0d  00  aa  aa  aa  aa
    558   28542.033   18da15f1   8   02  01  10  00  00  00  00  00
    559   28544.209   18daf115   8   04  41  10  01  6d  aa  aa  aa
    560   28607.832   18da15f1   8   02  01  44  00  00  00  00  00
    561   28609.420   18daf115   8   04  41  44  7f  fc  aa  aa  aa
    562   28679.285   18da15f1   8   02  01  0d  00  00  00  00  00
    563   28681.395   18daf115   8   03  41  0d  00  aa  aa  aa  aa
    564   28743.037   18da15f1   8   02  01  10  00  00  00  00  00
    565   28745.316   18daf115   8   04  41  10  01  6f  aa  aa  aa
    566   28796.787   18da15f1   8   02  01  44  00  00  00  00  00
    567   28797.908   18daf115   8   04  41  44  7f  fc  aa  aa  aa
    568   28875.723   18da15f1   8   02  01  0d  00  00  00  00  00
    569   28877.404   18daf115   8   03  41  0d  00  aa  aa  aa  aa
    570   28940.377   18da15f1   8   02  01  10  00  00  00  00  00
    571   28941.346   18daf115   8   04  41  10  01  6a  aa  aa  aa
    572   29011.721   18da15f1   8   02  01  44  00  00  00  00  00
    573   29012.891   18daf115   8   04  41  44  7f  fc  aa  aa  aa
    574   29075.473   18da15f1   8   02  01  0d  00  00  00  00  00
    575   29077.037   18daf115   8   03  41  0d  00  aa  aa  aa  aa
    576   29154.453   18da15f1   8   02  01  10  00  00  00  00  00
    577   29156.254   18daf115   8   04  41  10  01  74  aa  aa  aa
    578   29199.469   18da15f1   8   02  01  44  00  00  00  00  00
    579   29201.098   18daf115   8   04  41  44  7f  fc  aa  aa  aa
    580   29276.725   18da15f1   8   02  01  0d  00  00  00  00  00
    581   29277.746   18daf115   8   03  41  0d  00  aa  aa  aa  aa
    582   29342.779   18da15f1   8   02  01  10  00  00  00  00  00
    583   29344.408   18daf115   8   04  41  10  01  71  aa  aa  aa
    584   29414.225   18da15f1   8   02  01  44  00  00  00  00  00
    585   29414.984   18daf115   8   04  41  44  7f  fc  aa  aa  aa
    586   29477.977   18da15f1   8   02  01  0d  00  00  00  00  00
    587   29479.619   18daf115   8   03  41  0d  00  aa  aa  aa  aa
    588   29531.971   18da15f1   8   02  01  10  00  00  00  00  00
    589   29533.764   18daf115   8   04  41  10  01  6c  aa  aa  aa
    590   29587.771   18da15f1   8   02  01  44  00  00  00  00  00
    591   29589.074   18daf115   8   04  41  44  7f  fc  aa  aa  aa
    592   29659.217   18da15f1   8   02  01  0d  00  00  00  00  00
    593   29660.869   18daf115   8   03  41  0d  00  aa  aa  aa  aa
    594   29722.979   18da15f1   8   02  01  10  00  00  00  00  00
    595   29724.244   18daf115   8   04  41  10  01  71  aa  aa  aa
    596   29776.725   18da15f1   8   02  01  44  00  00  00  00  00
    597   29777.486   18daf115   8   04  41  44  7f  fc  aa  aa  aa
    598   29833.018   18da15f1   8   02  01  0d  00  00  00  00  00
    599   29833.863   18daf115   8   03  41  0d  00  aa  aa  aa  aa
    600   29904.209   18da15f1   8   02  01  10  00  00  00  00  00
    601   29905.531   18daf115   8   04  41  10  01  6d  aa  aa  aa
    602   29967.949   18da15f1   8   02  01  44  00  00  00  00  00
    603   29969.049   18daf115   8   04  41  44  7f  fc  aa  aa  aa
    604   30021.701   18da15f1   8   02  01  0d  00  00  00  00  00
    605   30023.275   18daf115   8   03  41  0d  00  aa  aa  aa  aa
    606   30077.758   18da15f1   8   02  01  10  00  00  00  00  00
    607   30078.559   18daf115   8   04  41  10  01  70  aa  aa  aa
    608   30149.445   18da15f1   8   02  01  44  00  00  00  00  00
    609   30150.227   18daf115   8   04  41  44  7f  fc  aa  aa  aa
    610   30212.951   18da15f1   8   02  01  0d  00  00  00  00  00
    611   30214.791   18daf115   8   03  41  0d  00  aa  aa  aa  aa
    612   30266.709   18da15f1   8   02  01  10  00  00  00  00  00
    613   30268.061   18daf115   8   04  41  10  01  6d  aa  aa  aa
    614   30322.795   18da15f1   8   02  01  44  00  00  00  00  00
    615   30324.316   18daf115   8   04  41  44  7f  fc  aa  aa  aa
    616   30394.199   18da15f1   8   02  01  0d  00  00  00  00  00
    617   30395.324   18daf115   8   03  41  0d  00  aa  aa  aa  aa
    618   30483.207   18da15f1   8   02  01  10  00  00  00  00  00
    619   30485.139   18daf115   8   04  41  10  01  75  aa  aa  aa
    620   30546.703   18da15f1   8   02  01  44  00  00  00  00  00
    621   30547.545   18daf115   8   04  41  44  7f  fc  aa  aa  aa
    622   30602.760   18da15f1   8   02  01  0d  00  00  00  00  00
    623   30603.982   18daf115   8   03  41  0d  00  aa  aa  aa  aa
    624   30674.205   18da15f1   8   02  01  10  00  00  00  00  00
    625   30675.633   18daf115   8   04  41  10  01  6c  aa  aa  aa
    626   30711.699   18da15f1   8   02  01  44  00  00  00  00  00
    627   30712.820   18daf115   8   04  41  44  7f  fc  aa  aa  aa
    628   30738.197   18da15f1   8   02  01  0d  00  00  00  00  00
    629   30739.193   18daf115   8   03  41  0d  00  aa  aa  aa  aa
    630   30796.711   18da15f1   8   02  01  10  00  00  00  00  00
    631   30797.430   18daf115   8   04  41  10  01  6d  aa  aa  aa
    632   30860.516   18da15f1   8   02  01  44  00  00  00  00  00
    633   30862.281   18daf115   8   04  41  44  7f  fc  aa  aa  aa
    634   30914.221   18da15f1   8   02  01  0d  00  00  00  00  00
    635   30915.238   18daf115   8   03  41  0d  00  aa  aa  aa  aa
    636   30992.969   18da15f1   8   02  01  10  00  00  00  00  00
    637   30994.070   18daf115   8   04  41  10  01  6e  aa  aa  aa
    638   31058.119   18da15f1   8   02  01  44  00  00  00  00  00
    639   31059.605   18daf115   8   04  41  44  7f  fc  aa  aa  aa
    640   31110.371   18da15f1   8   02  01  0d  00  00  00  00  00
    641   31112.174   18daf115   8   03  41  0d  00  aa  aa  aa  aa
    642   31159.221   18da15f1   8   02  01  10  00  00  00  00  00
    643   31159.961   18daf115   8   04  41  10  01  71  aa  aa  aa
