   224       84.502   0234   5   00  40  40  3d  00
   501      184.298   0234   5   00  40  40  3d  00
   779      284.563   0234   5   00  40  40  3d  00
  1043      384.529   0234   5   00  40  40  3d  00
  1310      484.453   0234   5   00  40  40  3d  00
  1574      584.334   0234   5   00  40  40  3d  00
  1839      684.514   0234   5   00  40  40  3d  00
  2107      784.380   0234   5   00  40  40  3d  00
  2369      884.432   0234   5   00  40  40  3d  00
  2633      985.977   0234   5   00  40  40  3d  00
  2892     1084.237   0234   5   00  40  40  3d  00
  3172     1184.246   0234   5   00  40  40  3d  00
  3443     1284.597   0234   5   00  40  40  3d  00
  3706     1384.947   0234   5   00  40  40  3d  00
  3972     1484.658   0234   5   00  40  40  40  00
  4236     1585.861   0234   5   00  40  40  3f  00
  4501     1684.505   0234   5   00  40  40  3e  00
  4773     1785.141   0234   5   00  40  40  3e  00
  5037     1885.620   0234   5   00  40  40  3e  00
  5304     1985.586   0234   5   00  40  40  3e  00
  5565     2085.083   0234   5   00  40  40  3e  00
  5845     2184.794   0234   5   00  40  40  3e  00
  6117     2284.718   0234   5   00  40  40  3e  00
  6382     2384.727   0234   5   00  40  40  3e  00
  6650     2484.949   0234   5   00  40  40  3e  00
  6912     2584.702   0234   5   00  40  40  3e  00
  7180     2685.053   0234   5   00  40  40  3d  00
  7449     2784.763   0234   5   00  40  40  3d  00
  7713     2884.608   0234   5   00  40  40  3e  00
  7981     2985.299   0234   5   00  40  40  3e  00
  8243     3084.754   0234   5   00  40  40  3f  00
  8521     3184.635   0234   5   00  40  3f  3f  00
  8800     3285.241   0234   5   00  40  3f  3f  00
  9063     3384.696   0234   5   00  40  3e  3f  00
  9332     3485.473   0234   5   00  40  3e  3f  00
  9595     3585.226   0234   5   00  40  3f  3f  00
  9859     3685.150   0234   5   00  40  3f  3f  00
 10130     3785.244   0234   5   00  40  3f  3f  00
 10395     3885.753   0234   5   00  40  3f  3f  00
 10662     3985.719   0234   5   00  40  3f  3f  00
 10924     4085.643   0234   5   00  40  3f  3f  00
 11198     4184.756   0234   5   00  40  3f  3e  00
 11475     4285.021   0234   5   00  40  3f  3e  00
 11742     4385.286   0234   5   00  40  3f  3e  00
 12009     4486.149   0234   5   00  40  3f  3e  00
 12273     4585.774   0234   5   00  40  3f  3e  00
 12539     4685.996   0234   5   00  40  3f  3e  00
 12808     4785.621   0234   5   00  40  3f  3e  00
 13073     4885.673   0234   5   00  40  3f  3e  00
 13340     4985.712   0234   5   00  40  3f  3e  00
 13601     5085.593   0234   5   00  40  3f  3e  00
 13880     5185.474   0234   5   00  40  3f  3e  00
 14156     5285.227   0234   5   00  40  3e  3e  00
 14422     5385.962   0234   5   00  40  3e  3e  00
 14690     5485.758   0234   5   00  40  3e  3e  00
 14952     5585.980   0234   5   00  40  3e  3e  00
 15219     5685.648   0234   5   00  40  3e  3e  00
 15490     5785.870   0234   5   00  40  3f  3e  00
 15754     5885.837   0234   5   00  40  3f  3e  00
 16020     5985.577   0234   5   00  40  3f  3e  00
 16281     6085.373   0234   5   00  40  3e  3e  00
 16559     6185.467   0234   5   00  40  3e  3e  00
 16836     6285.988   0234   5   00  40  3e  3e  00
 17101     6386.168   0234   5   00  40  3e  3e  00
 17368     6485.793   0234   5   00  40  3e  3e  00
 17631     6585.632   0234   5   00  40  3e  3e  00
 17897     6685.897   0234   5   00  40  3e  3e  00
 18168     6785.906   0234   5   00  40  3e  3e  00
 18430     6886.214   0234   5   00  40  3e  3e  00
 18696     6985.967   0234   5   00  40  3f  3e  00
 18961     7086.177   0234   5   00  40  3f  3e  00
 19238     7185.887   0234   5   00  40  3f  3e  00
 19518     7286.664   0234   5   00  40  3f  3e  00
 19784     7386.460   0234   5   00  40  3f  3e  00
 20048     7485.658   0234   5   00  40  3f  3e  00
 20313     7586.180   0234   5   00  40  3f  3e  00
 20581     7686.487   0234   5   00  41  3f  3e  00
 20851     7786.027   0234   5   00  41  3f  3e  00
 21117     7886.505   0234   5   00  41  3f  3e  00
 21382     7986.003   0234   5   00  41  3f  3e  00
 21644     8085.770   0234   5   00  41  3f  3e  00
 21921     8185.864   0234   5   00  41  3f  3e  00
 22200     8286.172   0234   5   00  41  3f  3e  00
 22464     8386.011   0234   5   00  41  3f  3e  00
 22732     8486.404   0234   5   00  41  3f  3e  00
 22993     8585.730   0234   5   00  41  3f  3e  00
 23259     8685.782   0234   5   00  41  40  3e  00
 23524     8784.639   0234   5   00  41  40  3e  00
 23788     8884.606   0234   5   00  41  41  3e  00
 24054     8984.487   0234   5   00  41  41  3e  00
 24318     9084.666   0234   5   00  41  42  3e  00
 24600     9184.706   0234   5   00  41  42  3e  00
 24872     9284.373   0234   5   00  41  42  3e  00
 25139     9384.937   0234   5   00  41  42  3e  00
 25405     9484.690   0234   5   00  41  42  3e  00
 25668     9584.443   0234   5   00  41  42  3e  00
 25940     9686.031   0234   5   00  41  42  3e  00
 26211     9785.997   0234   5   00  41  42  3e  00
 26468     9884.471   0234   5   00  41  42  3e  00
 26740     9985.845   0234   5   00  41  41  3e  00
 27005    10086.238   0234   5   00  41  41  3e  00
 27282    10185.936   0234   5   00  41  41  3e  00
 27559    10286.329   0234   5   00  41  41  3e  00
 27822    10385.783   0234   5   00  41  41  3e  00
 28089    10485.537   0234   5   00  41  41  3e  00
 28347    10584.692   0234   5   00  41  40  3e  00
 28614    10684.872   0234   5   00  41  40  3e  00
 28883    10784.455   0234   5   00  41  40  3e  00
 29147    10884.762   0234   5   00  41  40  3e  00
 29415    10984.942   0234   5   00  41  40  3e  00
 29676    11084.482   0234   5   00  41  40  3e  00
 29955    11184.406   0234   5   00  41  40  3e  00
 30235    11285.341   0234   5   00  41  40  3e  00
 30496    11384.624   0234   5   00  41  40  3e  00
 30768    11485.956   0234   5   00  41  40  3e  00
 31033    11586.051   0234   5   00  41  40  3e  00
 31292    11684.566   0234   5   00  41  40  3e  00
 31562    11784.405   0234   5   00  41  40  3e  00
 31833    11886.078   0234   5   00  41  40  3e  00
 32098    11985.447   0234   5   00  41  40  3e  00
 32363    12086.310   0234   5   00  41  40  3e  00
 32638    12185.465   0234   5   00  41  40  3e  00
 32916    12286.400   0234   5   00  41  40  3e  00
 33180    12386.409   0234   5   00  42  40  3e  00
 33445    12485.864   0234   5   00  42  40  3e  00
 33711    12586.385   0234   5   00  42  40  3e  00
 33719    12588.220   07E0   8   07  AE  10  00  00  00  10  00 
 33978    12686.394   0234   5   00  42  40  3e  00
 34249    12786.275   0234   5   00  42  40  3e  00
 34512    12886.114   0234   5   00  42  40  3e  00
 34779    12986.379   0234   5   00  42  40  3d  00
 35042    13086.303   0234   5   00  42  40  3d  00
 35322    13185.970   0234   5   00  41  40  3e  00
 35597    13286.150   0234   5   00  41  40  3e  00
 35861    13385.720   0234   5   00  41  40  3e  00
 36127    13485.729   0234   5   00  41  40  3e  00
 36391    13585.994   0234   5   00  41  40  3e  00
 36660    13686.345   0234   5   00  41  40  3e  00
 36930    13786.012   0234   5   00  41  40  3e  00
 37194    13885.979   0234   5   00  41  40  3e  00
 37461    13985.775   0234   5   00  41  40  3e  00
 37723    14085.741   0234   5   00  41  40  3e  00
 37999    14185.622   0234   5   00  41  40  3e  00
 38278    14286.356   0234   5   00  41  40  3e  00
 38540    14385.756   0234   5   00  41  41  3e  00
 38808    14485.978   0234   5   00  41  41  3e  00
 39073    14585.902   0234   5   00  41  41  3e  00
 39339    14685.740   0234   5   00  41  41  3e  00
 39612    14786.261   0234   5   00  41  41  3e  00
 39879    14886.569   0234   5   00  41  41  3e  00
 40145    14986.450   0234   5   00  41  41  3e  00
 40407    15086.459   0234   5   00  41  41  3e  00
 40683    15185.572   0234   5   00  41  41  3e  00
 40967    15286.435   0234   5   00  41  40  3e  00
 41224    15384.652   0234   5   00  41  40  3e  00
 41491    15484.691   0234   5   00  41  40  3e  00
 41763    15586.279   0234   5   00  41  40  3e  00
 42021    15684.667   0234   5   00  41  40  3e  00
 42296    15785.572   0234   5   00  41  40  3e  00
 42563    15886.263   0234   5   00  41  41  3e  00
 42821    15984.481   0234   5   00  41  41  3e  00
 43088    16085.087   0234   5   00  41  40  3e  00
 43364    16184.755   0234   5   00  41  40  3e  00
 43648    16286.300   0234   5   00  41  40  3e  00
 43913    16386.225   0234   5   00  41  40  3d  00
 44180    16486.264   0234   5   00  41  40  3d  00
 44443    16586.314   0234   5   00  41  40  3d  00
 44711    16686.664   0234   5   00  41  40  3d  00
 44980    16786.246   0234   5   00  41  40  3d  00
 45244    16886.471   0234   5   00  41  40  3d  00
 45512    16986.650   0234   5   00  41  40  3d  00
 45773    17086.189   0234   5   00  41  40  3d  00
 46051    17186.113   0234   5   00  41  40  3d  00
 46329    17285.951   0234   5   00  41  40  3d  00
 46598    17386.516   0234   5   00  41  40  3d  00
 46861    17485.799   0234   5   00  41  40  3d  00
 47130    17586.691   0234   5   00  41  40  3d  00
 47395    17686.529   0234   5   00  41  40  3d  00
 47667    17786.752   0234   5   00  41  40  3c  00
 47931    17886.420   0234   5   00  41  40  3c  00
 48198    17986.516   0234   5   00  41  40  3c  00
 48459    18086.311   0234   5   00  41  40  3c  00
 48738    18186.105   0234   5   00  40  40  3c  00
 49015    18286.498   0234   5   00  40  40  3c  00
 49280    18386.764   0234   5   00  40  40  3c  00
 49547    18486.688   0234   5   00  40  40  3c  00
 49811    18586.557   0234   5   00  40  40  3b  00
 50076    18686.607   0234   5   00  40  40  3c  00
 50345    18786.063   0234   5   00  40  40  3c  00
 50606    18885.219   0234   5   00  40  40  3c  00
 50877    18986.123   0234   5   00  40  40  3c  00
 51140    19086.047   0234   5   00  40  40  3c  00
 51416    19185.289   0234   5   00  40  40  3c  00
 51700    19286.578   0234   5   00  40  40  3c  00
 51967    19386.545   0234   5   00  40  40  3c  00
 52230    19485.828   0234   5   00  40  40  3c  00
 52494    19586.094   0234   5   00  40  40  3c  00
 52760    19686.004   0234   5   00  40  40  3c  00
 53030    19785.885   0234   5   00  40  40  3c  00
 53295    19886.064   0234   5   00  40  40  3c  00
 53562    19986.031   0234   5   00  40  40  3c  00
 53825    20085.785   0234   5   00  40  40  3c  00
 54104    20186.008   0234   5   00  40  40  3c  00
 54380    20285.846   0234   5   00  40  40  3c  00
 54645    20385.813   0234   5   00  40  40  3c  00
 54911    20486.162   0234   5   00  40  40  3c  00
 55175    20586.172   0234   5   00  40  40  3c  00
 55442    20686.424   0234   5   00  40  40  3c  00
 55713    20786.859   0234   5   00  40  40  3c  00
 55977    20886.826   0234   5   00  40  40  3c  00
 56241    20986.451   0234   5   00  40  40  3c  00
 56505    21086.887   0234   5   00  40  40  3c  00
 56781    21186.086   0234   5   00  40  40  3c  00
 57058    21286.436   0234   5   00  40  40  3c  00
 57324    21386.871   0234   5   00  40  40  3c  00
 57590    21486.795   0234   5   00  40  40  3c  00
 57853    21586.635   0234   5   00  40  40  3c  00
 58119    21686.930   0234   5   00  40  40  3c  00
 58389    21786.854   0234   5   00  40  40  3c  00
 58652    21886.691   0234   5   00  40  40  3c  00
 58918    21986.912   0234   5   00  40  40  3c  00
 59177    22086.027   0234   5   00  40  40  3c  00
 59455    22186.121   0234   5   00  40  40  3c  00
 59733    22286.898   0234   5   00  40  40  3c  00
 59997    22386.311   0234   5   00  40  40  3c  00
 60269    22486.148   0234   5   00  40  40  3c  00
 60533    22586.371   0234   5   00  40  40  3c  00
 60802    22686.338   0234   5   00  40  40  3c  00
 61064    22786.248   0234   5   00  40  40  3c  00
 61328    22886.428   0234   5   00  40  40  3c  00
 61598    22986.395   0234   5   00  40  40  3c  00
 61860    23086.148   0234   5   00  40  40  3c  00
 62141    23185.814   0234   5   00  40  40  3c  00
