00323955   043F   8   FE  3F  3F  FF  FF  FF  FF  FF
00323956   012B   1   00  00  00  00  00  00  00  00
00323965   022F   1   01  00  00  00  00  00  00  00
00323976   02F3   8   08  00  00  00  00  00  00  00
00323986   0302   8   00  00  00  00  00  00  00  00
00323996   030D   4   00  00  00  00  00  00  00  00
00323997   0328   8   40  41  00  4D  00  55  00  53
00324006   030F   7   00  0A  0A  0A  0A  0A  00  00
00324016   0317   8   00  00  00  00  00  00  3A  00
00324026   0328   8   30  01  00  49  00  43  00  20
00324036   032F   3   00  00  00  00  00  00  00  00
00324046   043F   8   FD  03  3F  FF  FF  FF  FF  FF
00324047   0342   5   00  00  00  00  00  00  00  00
00324055   012B   1   00  00  00  00  00  00  00  00
00324056   0328   8   20  01  00  4F  00  46  00  46
00324057   0350   8   05  1E  0F  07  E5  09  10  01
00324066   035C   6   00  00  00  00  1F  00  00  00
00324086   0328   8   10  01  00  00  00  00  00  00
00324116   0328   8   00  01  00  00  00  00  00  00
00324146   0328   8   00  00  00  00  00  00  00  00
00324155   012B   1   00  00  00  00  00  00  00  00
00324180   0328   8   40  42  00  00  00  00  00  00
00324206   0328   8   30  02  00  00  00  00  00  00
00324236   0328   8   20  02  00  00  00  00  00  00
00324255   012B   1   00  00  00  00  00  00  00  00
00324266   0328   8   10  02  00  00  00  00  00  00
00324296   0328   8   00  02  00  00  00  00  00  00
00324326   043F   8   FD  01  3F  FF  FF  FF  FF  FF
00324327   0328   8   00  00  00  00  00  00  00  00
00324355   012B   1   00  00  00  00  00  00  00  00
00324356   0328   8   40  43  00  00  00  00  00  00
00324386   0328   8   30  03  00  00  00  00  00  00
00324416   0328   8   20  03  00  00  00  00  00  00
00324446   0328   8   10  03  00  00  00  00  00  00
00324455   012B   1   00  00  00  00  00  00  00  00
00324476   0328   8   00  03  00  00  00  00  00  00
00324506   0328   8   00  00  00  00  00  00  00  00
00324532   0328   8   40  44  00  00  00  00  00  00
00324551   012B   1   00  00  00  00  00  00  00  00
00324572   0328   8   40  41  00  4D  00  55  00  53
00324602   0328   8   30  01  00  49  00  43  00  20
00324632   0328   8   20  01  00  4F  00  46  00  46
00324651   012B   1   00  00  00  00  00  00  00  00
00324662   0328   8   10  01  00  00  00  00  00  00
00324682   043F   8   FD  01  3F  FF  FF  FF  FF  FF
00324692   0328   8   00  01  00  00  00  00  00  00
00324722   0328   8   00  00  00  00  00  00  00  00
00324751   012B   1   00  00  00  00  00  00  00  00
00324752   0328   8   40  42  00  00  00  00  00  00
00324782   0328   8   30  02  00  00  00  00  00  00
00324812   0328   8   20  02  00  00  00  00  00  00
00324842   0328   8   10  02  00  00  00  00  00  00
00324851   012B   1   00  00  00  00  00  00  00  00
00324872   0328   8   00  02  00  00  00  00  00  00
00324902   0328   8   00  00  00  00  00  00  00  00
00324932   0328   8   40  43  00  00  00  00  00  00
00324951   012B   1   00  00  00  00  00  00  00  00
00324961   022F   1   01  00  00  00  00  00  00  00
00324962   0328   8   30  03  00  00  00  00  00  00
00324972   02F3   8   08  00  00  00  00  00  00  00
00324982   0302   8   00  00  00  00  00  00  00  00
00324992   030D   4   00  00  00  00  00  00  00  00
00324993   0328   8   20  03  00  00  00  00  00  00
00325002   030F   7   00  0A  0A  0A  0A  0A  00  00
00325012   0317   8   00  00  00  00  00  00  3A  00
00325022   0328   8   10  03  00  00  00  00  00  00
00325032   032F   3   00  00  00  00  00  00  00  00
00325042   043F   8   FD  01  04  0F  00  00  00  01
00325043   0342   5   00  00  00  00  00  00  00  00
00325051   012B   1   00  00  00  00  00  00  00  00
00325052   0328   8   00  03  00  00  00  00  00  00
00325053   0350   8   06  1E  0F  07  E5  09  10  01
00325062   035C   6   00  00  00  00  1F  00  00  00
00325082   0328   8   00  00  00  00  00  00  00  00
00325112   0328   8   40  44  00  00  00  00  00  00
00325142   0328   8   30  04  00  00  00  00  00  00
00325151   012B   1   00  00  00  00  00  00  00  00
00325172   0328   8   20  04  00  00  00  00  00  00
00325202   0328   8   10  04  00  00  00  00  00  00
00325232   0328   8   00  04  00  00  00  00  00  00
00325251   012B   1   00  00  00  00  00  00  00  00
00325262   0328   8   00  00  00  00  00  00  00  00
00325351   012B   1   00  00  00  00  00  00  00  00
00325402   043F   8   FD  01  04  0F  01  00  00  01
00325451   012B   1   00  00  00  00  00  00  00  00
00325542   012B   1   03  00  00  00  00  00  00  00
00325543   0302   8   00  09  00  00  00  00  00  00
00325582   0317   8   00  00  00  00  00  00  3C  00
00325622   0328   8   40  41  00  4C  00  4F  00  43
00325641   012B   1   03  00  00  00  00  00  00  00
00325652   0328   8   30  01  00  4B  00  45  00  44
00325682   0328   8   20  01  00  20  00  52  00  41
00325712   0328   8   10  01  00  44  00  49  00  4F
00325742   012B   1   03  00  00  00  00  00  00  00
00325743   0328   8   00  01  00  00  00  00  00  00
00325772   043F   8   FD  01  04  0F  01  00  00  01
00325773   0328   8   00  00  00  00  00  00  00  00
00325802   0328   8   40  42  00  00  00  00  00  00
00325832   0328   8   30  02  00  00  00  00  00  00
00325841   012B   1   03  00  00  00  00  00  00  00
00325862   0328   8   20  02  00  00  00  00  00  00
00325872   02F3   8   00  00  00  00  00  00  00  00
00325892   0328   8   10  02  00  00  00  00  00  00
00325902   0302   8   00  02  00  00  00  00  00  00
00325922   0328   8   00  02  00  00  00  00  00  00
00325942   012B   1   03  00  00  00  00  00  00  00
00325951   022F   1   01  00  00  00  00  00  00  00
00325952   0328   8   00  00  00  00  00  00  00  00
00325962   02F3   8   00  00  00  00  00  00  00  00
00325972   0302   8   00  02  00  00  00  00  00  00
00325982   030D   4   00  00  00  00  00  00  00  00
00325983   0328   8   40  43  00  00  00  00  00  00
00325992   030F   7   00  0A  0A  0A  0A  0A  00  00
00326003   0317   8   00  00  00  00  00  00  3C  00
00326012   0328   8   30  03  00  00  00  00  00  00
00326022   032F   3   00  00  00  00  00  00  00  00
00326032   0342   5   00  00  00  00  00  00  00  00
00326041   012B   1   03  00  00  00  00  00  00  00
00326042   0328   8   20  03  00  00  00  00  00  00
00326043   0350   8   07  1E  0F  07  E5  09  10  01
00326052   035C   6   00  00  00  00  1F  00  00  00
00326072   0328   8   10  03  00  00  00  00  00  00
00326102   0328   8   00  03  00  00  00  00  00  00
00326132   0328   8   00  00  00  00  00  00  00  00
00326141   012B   1   03  00  00  00  00  00  00  00
00326152   043F   8   FD  01  04  0F  01  00  00  01
00326162   0328   8   40  44  00  00  00  00  00  00
00326192   0328   8   30  04  00  00  00  00  00  00
00326232   0328   8   40  41  00  4C  00  4F  00  43
00326241   012B   1   03  00  00  00  00  00  00  00
00326262   0328   8   30  01  00  4B  00  45  00  44
00326292   0328   8   20  01  00  20  00  52  00  41
00326322   0328   8   10  01  00  44  00  49  00  4F
00326342   012B   1   03  00  00  00  00  00  00  00
00326352   0328   8   00  01  00  00  00  00  00  00
00326382   02F3   8   08  00  00  00  00  00  00  00
00326383   0328   8   00  00  00  00  00  00  00  00
00326412   0328   8   40  42  00  00  00  00  00  00
00326441   012B   1   03  00  00  00  00  00  00  00
00326442   0328   8   30  02  00  00  00  00  00  00
00326472   0328   8   20  02  00  00  00  00  00  00
00326502   0328   8   10  02  00  00  00  00  00  00
00326532   043F   8   FD  01  04  0F  01  00  00  01
00326533   0328   8   00  02  00  00  00  00  00  00
00326542   012B   1   03  00  00  00  00  00  00  00
00326562   0328   8   00  00  00  00  00  00  00  00
00326592   0328   8   40  43  00  00  00  00  00  00
00326622   0328   8   30  03  00  00  00  00  00  00
00326641   012B   1   03  00  00  00  00  00  00  00
00326652   0328   8   20  03  00  00  00  00  00  00
00326712   0328   8   40  41  00  4C  00  4F  00  43
00326742   012B   1   03  00  00  00  00  00  00  00
00326743   0328   8   30  01  00  4B  00  45  00  44
00326772   0328   8   20  01  00  20  00  52  00  41
00326802   0328   8   10  01  00  44  00  49  00  4F
00326832   0328   8   00  01  00  00  00  00  00  00
00326841   012B   1   03  00  00  00  00  00  00  00
00326862   0328   8   00  00  00  00  00  00  00  00
00326912   043F   8   FD  01  04  0F  01  00  00  01
00326913   0328   8   40  41  00  4C  00  4F  00  43
00326942   012B   1   03  00  00  00  00  00  00  00
00326943   0328   8   30  01  00  4B  00  45  00  44
00326951   022F   1   01  00  00  00  00  00  00  00
00326962   02F3   8   08  00  00  00  00  00  00  00
00326972   0302   8   00  02  00  00  00  00  00  00
00326973   0328   8   20  01  00  20  00  52  00  41
00326982   030D   4   00  00  00  00  00  00  00  00
00326992   030F   7   00  0A  0A  0A  0A  0A  00  00
00327002   0317   8   00  00  00  00  00  00  3C  00
00327003   0328   8   10  01  00  44  00  49  00  4F
00327022   032F   3   00  00  00  00  00  00  00  00
00327032   0328   8   00  01  00  00  00  00  00  00
00327033   0342   5   00  00  00  00  00  00  00  00
00327041   012B   1   03  00  00  00  00  00  00  00
00327042   0350   8   08  1E  0F  07  E5  09  10  01
00327052   035C   6   00  00  00  00  1F  00  00  00
00327062   0328   8   00  00  00  00  00  00  00  00
00327092   0328   8   40  42  00  00  00  00  00  00
00327122   0328   8   30  02  00  00  00  00  00  00
00327142   012B   1   03  00  00  00  00  00  00  00
00327152   0328   8   20  02  00  00  00  00  00  00
00327182   0328   8   10  02  00  00  00  00  00  00
00327216   0328   8   00  02  00  00  00  00  00  00
00327241   012B   1   03  00  00  00  00  00  00  00
00327242   0328   8   00  00  00  00  00  00  00  00
00327272   0328   8   40  43  00  00  00  00  00  00
00327292   043F   8   FD  01  04  0F  01  00  00  01
00327302   02F3   8   00  00  00  00  00  00  00  00
00327303   0328   8   30  03  00  00  00  00  00  00
00327332   0328   8   20  03  00  00  00  00  00  00
00327342   012B   1   03  00  00  00  00  00  00  00
00327362   0328   8   10  03  00  00  00  00  00  00
00327392   0328   8   00  03  00  00  00  00  00  00
00327422   0328   8   00  00  00  00  00  00  00  00
00327441   012B   1   03  00  00  00  00  00  00  00
00327452   0328   8   40  44  00  00  00  00  00  00
00327482   0328   8   30  04  00  00  00  00  00  00
00327512   0328   8   20  04  00  00  00  00  00  00
00327542   012B   1   03  00  00  00  00  00  00  00
00327543   0328   8   10  04  00  00  00  00  00  00
00327572   0328   8   00  04  00  00  00  00  00  00
00327602   0328   8   00  00  00  00  00  00  00  00
00327641   012B   1   03  00  00  00  00  00  00  00
00327672   043F   8   FD  01  04  0F  01  00  00  01
00327742   012B   1   03  00  00  00  00  00  00  00
00327841   012B   1   03  00  00  00  00  00  00  00
00327942   012B   1   03  00  00  00  00  00  00  00
00327951   022F   1   01  00  00  00  00  00  00  00
00327962   02F3   8   00  00  00  00  00  00  00  00
00327972   0302   8   00  02  00  00  00  00  00  00
00327982   030D   4   00  00  00  00  00  00  00  00
00327992   030F   7   00  0A  0A  0A  0A  0A  00  00
00328003   0317   8   00  00  00  00  00  00  3C  00
00328012   0328   8   00  00  00  00  00  00  00  00
00328022   032F   3   00  00  00  00  00  00  00  00
00328032   0342   5   00  00  00  00  00  00  00  00
00328041   012B   1   03  00  00  00  00  00  00  00
00328042   0350   8   09  1E  0F  07  E5  09  10  01
00328052   043F   8   FD  01  04  0F  01  00  00  01
00328053   035C   6   00  00  00  00  1F  00  00  00
00328142   012B   1   03  00  00  00  00  00  00  00
00328241   012B   1   03  00  00  00  00  00  00  00
00328342   012B   1   03  00  00  00  00  00  00  00
00328432   043F   8   FD  01  04  0F  01  00  00  01
00328441   012B   1   03  00  00  00  00  00  00  00
00328542   012B   1   03  00  00  00  00  00  00  00
00328641   012B   1   03  00  00  00  00  00  00  00
00328662   0328   8   40  41  00  4C  00  4F  00  43
00328692   0328   8   30  01  00  4B  00  45  00  44
00328722   0328   8   20  01  00  20  00  52  00  41
00328742   012B   1   03  00  00  00  00  00  00  00
00328752   0328   8   10  01  00  44  00  49  00  4F
00328782   0328   8   00  01  00  00  00  00  00  00
00328812   043F   8   FD  01  04  0F  01  00  00  01
00328813   0328   8   00  00  00  00  00  00  00  00
00328841   012B   1   03  00  00  00  00  00  00  00
00328942   012B   1   03  00  00  00  00  00  00  00
00328951   022F   1   01  00  00  00  00  00  00  00
00328962   02F3   8   00  00  00  00  00  00  00  00
00328972   0302   8   00  02  00  00  00  00  00  00
00328982   030D   4   00  00  00  00  00  00  00  00
00328983   0317   8   00  00  00  00  00  00  12  00
00328992   030F   7   00  0A  0A  0A  0A  0A  00  00
00329012   02F3   8   08  00  00  00  00  00  00  00
00329013   0317   8   00  00  00  00  00  00  12  00
00329014   0328   8   00  00  00  00  00  00  00  00
00329022   032F   3   00  00  00  00  00  00  00  00
00329032   0342   5   00  00  00  00  00  00  00  00
00329041   012B   1   03  00  00  00  00  00  00  00
00329042   0350   8   0A  1E  0F  07  E5  09  10  01
00329052   035C   6   00  00  00  00  1F  00  00  00
00329062   0328   8   40  41  00  53  00  58  00  4D
00329092   0328   8   30  01  00  20  00  52  00  64
00329122   02F3   8   00  00  00  00  00  00  00  00
00329123   0328   8   20  01  00  68  00  6F  00  75
00329142   012B   1   03  00  00  00  00  00  00  00
00329152   0328   8   10  01  00  73  00  65  00  00
00329182   0328   8   00  01  00  00  00  00  00  00
00329192   043F   8   FD  01  04  0F  01  00  00  01
00329212   0328   8   00  00  00  00  00  00  00  00
00329242   012B   1   03  00  00  00  00  00  00  00
00329243   0328   8   40  42  00  00  00  00  00  00
00329272   0328   8   30  02  00  00  00  00  00  00
00329302   0328   8   20  02  00  00  00  00  00  00
00329332   0328   8   10  02  00  00  00  00  00  00
00329342   012B   1   03  00  00  00  00  00  00  00
00329362   0328   8   00  02  00  00  00  00  00  00
00329402   0328   8   40  41  00  53  00  58  00  4D
00329432   0328   8   30  01  00  20  00  52  00  64
00329441   012B   1   03  00  00  00  00  00  00  00
00329462   0328   8   20  01  00  68  00  6F  00  75
00329492   0328   8   10  01  00  73  00  65  00  00
00329522   0328   8   00  01  00  00  00  00  00  00
00329542   012B   1   03  00  00  00  00  00  00  00
00329552   0328   8   00  00  00  00  00  00  00  00
00329572   043F   8   FD  01  04  0F  01  00  00  01
00329582   0328   8   40  42  00  00  00  00  00  00
00329612   0328   8   30  02  00  00  00  00  00  00
00329641   012B   1   03  00  00  00  00  00  00  00
00329643   0328   8   20  02  00  00  00  00  00  00
00329672   0328   8   10  02  00  00  00  00  00  00
00329702   0328   8   00  02  00  00  00  00  00  00
00329732   0328   8   00  00  00  00  00  00  00  00
00329742   012B   1   03  00  00  00  00  00  00  00
00329762   0328   8   40  43  00  00  00  00  00  00
00329792   0328   8   30  03  00  00  00  00  00  00
00329822   0328   8   20  03  00  00  00  00  00  00
00329841   012B   1   03  00  00  00  00  00  00  00
00329852   0328   8   10  03  00  00  00  00  00  00
00329882   0328   8   00  03  00  00  00  00  00  00
00329912   0328   8   00  00  00  00  00  00  00  00
00329942   012B   1   03  00  00  00  00  00  00  00
00329952   043F   8   FD  01  04  0F  01  00  00  01
00329952   022F   1   01  00  00  00  00  00  00  00
00329953   0328   8   40  44  00  00  00  00  00  00
00329962   02F3   8   00  00  00  00  00  00  00  00
00329972   0302   8   00  02  00  00  00  00  00  00
00329982   030D   4   00  00  00  00  00  00  00  00
00329983   0328   8   30  04  00  00  00  00  00  00
00329992   030F   7   00  0A  0A  0A  0A  0A  00  00
00330003   0317   8   00  00  00  00  00  00  12  00
00330012   0328   8   20  04  00  00  00  00  00  00
00330022   032F   3   00  00  00  00  00  00  00  00
00330032   0342   5   00  00  00  00  00  00  00  00
00330042   012B   1   03  00  00  00  00  00  00  00
00330043   0328   8   10  04  00  00  00  00  00  00
00330044   0350   8   0B  1E  0F  07  E5  09  10  01
00330052   035C   6   00  00  00  00  1F  00  00  00
00330072   0328   8   00  04  00  00  00  00  00  00
00330102   0328   8   00  00  00  00  00  00  00  00
00330142   012B   1   03  00  00  00  00  00  00  00
00330252   012B   1   03  00  00  00  00  00  00  00
00330332   043F   8   FD  01  04  0F  01  00  00  01
00330341   012B   1   03  00  00  00  00  00  00  00
00330441   012B   1   03  00  00  00  00  00  00  00
00330541   012B   1   03  00  00  00  00  00  00  00
00330641   012B   1   03  00  00  00  00  00  00  00
00330712   043F   8   FD  01  04  0F  01  00  00  01
00330742   012B   1   03  00  00  00  00  00  00  00
00330841   012B   1   03  00  00  00  00  00  00  00
00330942   012B   1   03  00  00  00  00  00  00  00
00330951   022F   1   00  00  00  00  00  00  00  00
00330962   02F3   8   00  00  00  00  00  00  00  00
00330972   0302   8   00  02  00  00  00  00  00  00
00330982   030D   4   00  00  00  00  00  00  00  00
00330992   030F   7   00  0A  0A  0A  0A  0A  00  00
00331002   0317   8   00  00  00  00  00  00  12  00
00331012   0328   8   00  00  00  00  00  00  00  00
00331022   032F   3   00  00  00  00  00  00  00  00
00331032   0342   5   00  00  00  00  00  00  00  00
00331041   012B   1   03  00  00  00  00  00  00  00
00331042   0350   8   0C  1E  0F  07  E5  09  10  01
00331052   035C   6   00  00  00  00  1F  00  00  00
00331092   043F   8   FD  01  04  0F  01  00  00  01
00331142   012B   1   03  00  00  00  00  00  00  00
00331152   0328   8   40  41  00  53  00  58  00  4D
00331182   0328   8   30  01  00  20  00  52  00  64
00331212   0328   8   20  01  00  68  00  6F  00  75
00331241   012B   1   03  00  00  00  00  00  00  00
00331242   0328   8   10  01  00  73  00  65  00  00
00331272   0328   8   00  01  00  00  00  00  00  00
00331302   0328   8   00  00  00  00  00  00  00  00
00331332   0328   8   40  42  00  00  00  00  00  00
00331342   012B   1   03  00  00  00  00  00  00  00
00331362   0328   8   30  02  00  00  00  00  00  00
00331392   0328   8   20  02  00  00  00  00  00  00
00331422   0328   8   10  02  00  00  00  00  00  00
00331441   012B   1   03  00  00  00  00  00  00  00
00331452   0328   8   00  02  00  00  00  00  00  00
00331472   043F   8   FD  01  04  0F  01  00  00  01
00331482   0328   8   00  00  00  00  00  00  00  00
00331512   0328   8   40  43  00  00  00  00  00  00
00331542   012B   1   03  00  00  00  00  00  00  00
00331552   0328   8   30  03  00  00  00  00  00  00
00331582   0328   8   20  03  00  00  00  00  00  00
00331612   0328   8   10  03  00  00  00  00  00  00
00331641   012B   1   03  00  00  00  00  00  00  00
00331642   0328   8   00  03  00  00  00  00  00  00
00331672   0328   8   00  00  00  00  00  00  00  00
00331742   012B   1   03  00  00  00  00  00  00  00
00331841   012B   1   03  00  00  00  00  00  00  00
00331852   043F   8   FD  01  04  0F  01  00  00  01
00331942   012B   1   03  00  00  00  00  00  00  00
00331951   022F   1   00  00  00  00  00  00  00  00
00331962   02F3   8   00  00  00  00  00  00  00  00
00331972   0302   8   00  02  00  00  00  00  00  00
00331982   030D   4   00  00  00  00  00  00  00  00
00331992   030F   7   00  0A  0A  0A  0A  0A  00  00
00332003   0317   8   00  00  00  00  00  00  12  00
00332012   0328   8   00  00  00  00  00  00  00  00
00332022   032F   3   00  00  00  00  00  00  00  00
00332032   0342   5   00  00  00  00  00  00  00  00
00332042   012B   1   03  00  00  00  00  00  00  00
00332043   0350   8   0D  1E  0F  07  E5  09  10  01
00332052   035C   6   00  00  00  00  1F  00  00  00
00332141   012B   1   03  00  00  00  00  00  00  00
00332232   043F   8   FD  01  04  0F  01  00  00  01
00332241   012B   1   03  00  00  00  00  00  00  00
00332342   012B   1   03  00  00  00  00  00  00  00
00332441   012B   1   03  00  00  00  00  00  00  00
00332542   012B   1   03  00  00  00  00  00  00  00
00332612   043F   8   FD  01  04  0F  01  00  00  01
00332641   012B   1   03  00  00  00  00  00  00  00
00332722   0328   8   40  41  00  53  00  58  00  4D
00332742   012B   1   03  00  00  00  00  00  00  00
00332752   0328   8   30  01  00  20  00  52  00  64
00332782   0328   8   20  01  00  68  00  6F  00  75
00332812   0328   8   10  01  00  73  00  65  00  00
00332841   012B   1   03  00  00  00  00  00  00  00
00332842   0328   8   00  01  00  00  00  00  00  00
00332872   0328   8   00  00  00  00  00  00  00  00
00332902   0328   8   40  42  00  00  00  00  00  00
00332932   0328   8   30  02  00  00  00  00  00  00
00332942   012B   1   03  00  00  00  00  00  00  00
00332951   022F   1   00  00  00  00  00  00  00  00
00332962   02F3   8   00  00  00  00  00  00  00  00
00332963   0328   8   20  02  00  00  00  00  00  00
00332972   0302   8   00  02  00  00  00  00  00  00
00332982   030D   4   00  00  00  00  00  00  00  00
00332992   043F   8   FD  01  04  0F  01  00  00  01
00332993   030F   7   00  0A  0A  0A  0A  0A  00  00
00332995   0328   8   10  02  00  00  00  00  00  00
00333002   0317   8   00  00  00  00  00  00  12  00
00333022   0328   8   00  02  00  00  00  00  00  00
00333023   032F   3   00  00  00  00  00  00  00  00
00333032   0342   5   00  00  00  00  00  00  00  00
00333041   012B   1   03  00  00  00  00  00  00  00
00333042   0350   8   0E  1E  0F  07  E5  09  10  01
00333052   0328   8   00  00  00  00  00  00  00  00
00333053   035C   6   00  00  00  00  1F  00  00  00
00333082   0328   8   40  43  00  00  00  00  00  00
00333112   0328   8   30  03  00  00  00  00  00  00
00333142   012B   1   03  00  00  00  00  00  00  00
00333152   0328   8   20  03  00  00  00  00  00  00
00333182   0328   8   10  03  00  00  00  00  00  00
00333212   0328   8   00  03  00  00  00  00  00  00
00333241   012B   1   03  00  00  00  00  00  00  00
00333242   0328   8   00  00  00  00  00  00  00  00
00333342   012B   1   03  00  00  00  00  00  00  00
00333372   043F   8   FD  01  04  0F  01  00  00  01
00333441   012B   1   03  00  00  00  00  00  00  00
00333541   012B   1   03  00  00  00  00  00  00  00
00333641   012B   1   03  00  00  00  00  00  00  00
00333662   012B   1   01  00  00  00  00  00  00  00
00333672   0317   8   00  00  00  00  00  00  3A  00
00333691   012B   1   00  00  00  00  00  00  00  00
00333721   012B   1   00  00  00  00  00  00  00  00
00333732   043F   8   FD  01  04  0F  01  00  00  01
00333742   0328   8   40  41  00  4D  00  55  00  53
00333772   0328   8   30  01  00  49  00  43  00  20
00333802   0328   8   20  01  00  4F  00  46  00  46
00333821   012B   1   00  00  00  00  00  00  00  00
00333832   0328   8   10  01  00  00  00  00  00  00
00333862   0328   8   00  01  00  00  00  00  00  00
00333892   0328   8   00  00  00  00  00  00  00  00
00333921   012B   1   00  00  00  00  00  00  00  00
00333922   0328   8   40  42  00  00  00  00  00  00
00333931   022F   1   02  00  00  00  00  00  00  00
00333942   02F3   8   00  00  00  00  00  00  00  00
00333952   0302   8   00  02  00  00  00  00  00  00
00333953   0328   8   30  02  00  00  00  00  00  00
00333962   030D   4   00  00  00  00  00  00  00  00
00333972   030F   7   00  0A  0A  0A  0A  0A  00  00
00333983   0317   8   00  00  00  00  00  00  3A  00
00333985   0328   8   20  02  00  00  00  00  00  00
00334002   032F   3   00  00  00  00  00  00  00  00
00334013   0328   8   10  02  00  00  00  00  00  00
00334014   0342   5   00  00  00  00  00  00  00  00
00334021   012B   1   00  00  00  00  00  00  00  00
00334022   0350   8   0F  1E  0F  07  E5  09  10  01
00334032   035C   6   00  00  00  00  1F  00  00  00
00334042   0328   8   00  02  00  00  00  00  00  00
00334073   0328   8   00  00  00  00  00  00  00  00
00334102   0328   8   40  43  00  00  00  00  00  00
00334112   043F   8   FD  01  04  0F  01  00  00  01
00334121   012B   1   00  00  00  00  00  00  00  00
00334132   0328   8   30  03  00  00  00  00  00  00
00334162   0328   8   20  03  00  00  00  00  00  00
00334192   0328   8   10  03  00  00  00  00  00  00
00334221   012B   1   00  00  00  00  00  00  00  00
00334222   0328   8   00  03  00  00  00  00  00  00
00334252   0328   8   00  00  00  00  00  00  00  00
00334282   0328   8   40  44  00  00  00  00  00  00
00334312   0328   8   30  04  00  00  00  00  00  00
00334321   012B   1   00  00  00  00  00  00  00  00
00334342   0328   8   20  04  00  00  00  00  00  00
00334352   0302   8   00  00  00  00  00  00  00  00
00334372   0328   8   10  04  00  00  00  00  00  00
00334402   0328   8   00  04  00  00  00  00  00  00
00334421   012B   1   00  00  00  00  00  00  00  00
00334432   0328   8   00  00  00  00  00  00  00  00
00334472   043F   8   FD  01  04  0F  01  00  00  01
00334521   012B   1   00  00  00  00  00  00  00  00
00334621   012B   1   00  00  00  00  00  00  00  00
