   173      134.422   0328   8   40  41  00  4d  00  55  00  53
   175      134.934   0328   8   40  41  00  4c  00  69  00  67
   211      163.478   0328   8   30  01  00  49  00  43  00  20
   213      163.947   0328   8   30  01  00  68  00  74  00  53
   263      193.899   0328   8   20  01  00  4f  00  46  00  46
   264      194.283   0328   8   20  01  00  68  00  6f  00  77
   309      224.533   0328   8   10  01  00  00  00  00  00  00
   311      225.002   0328   8   10  01  00  3f  00  00  00  4c
   358      254.058   0328   8   00  01  00  00  00  00  00  00
   359      254.399   0328   8   00  01  00  69  00  76  00  00
   411      284.180   0328   8   00  00  00  00  00  00  00  00
   829      593.508   0328   8   00  00  00  00  00  00  00  00
  1806     1343.436   0328   8   40  41  00  4d  00  55  00  53
  1808     1343.948   0328   8   40  41  00  4c  00  69  00  67
  1850     1373.558   0328   8   30  01  00  49  00  43  00  20
  1852     1374.028   0328   8   30  01  00  68  00  74  00  53
  1891     1403.467   0328   8   20  01  00  4f  00  46  00  46
  1893     1403.936   0328   8   20  01  00  68  00  6f  00  77
  1931     1433.589   0328   8   10  01  00  00  00  00  00  00
  1933     1434.059   0328   8   10  01  00  3f  00  00  00  4c
  1970     1463.498   0328   8   00  01  00  00  00  00  00  00
  1972     1464.010   0328   8   00  01  00  69  00  76  00  00
  2011     1493.578   0328   8   00  00  00  00  00  00  00  00
  2140     1593.587   0328   8   00  00  00  00  00  00  00  00
  2665     2006.594   0328   8   40  41  00  4b  00  65  00  79
  2702     2037.441   0328   8   30  01  00  20  00  4e  00  6f
  2740     2068.502   0328   8   20  01  00  74  00  20  00  4f
  2780     2099.307   0328   8   10  01  00  4e  00  00  00  54
  2820     2130.112   0328   8   00  01  00  69  00  72  00  00
  2866     2163.349   0328   8   00  00  00  00  00  00  00  00
  3424     2554.540   0328   8   40  41  00  4d  00  55  00  53
  3426     2555.010   0328   8   40  41  00  4b  00  65  00  79
  3466     2584.620   0328   8   30  01  00  49  00  43  00  20
  3468     2585.089   0328   8   30  01  00  20  00  4e  00  6f
  3505     2613.590   0328   8   20  01  00  4f  00  46  00  46
  3507     2614.059   0328   8   20  01  00  74  00  20  00  4f
  3542     2643.627   0328   8   10  01  00  00  00  00  00  00
  3544     2644.096   0328   8   10  01  00  4e  00  00  00  54
  3583     2673.664   0328   8   00  01  00  00  00  00  00  00
  3585     2674.133   0328   8   00  01  00  69  00  72  00  00
  3626     2703.615   0328   8   00  00  00  00  00  00  00  00
  4786     3593.827   0328   8   00  00  00  00  00  00  00  00
  5002     3763.552   0328   8   40  41  00  4d  00  55  00  53
  5004     3764.021   0328   8   40  41  00  4b  00  65  00  79
  5044     3793.546   0328   8   30  01  00  49  00  43  00  20
  5046     3794.016   0328   8   30  01  00  20  00  4e  00  6f
  5085     3824.394   0328   8   20  01  00  4f  00  46  00  46
  5087     3824.906   0328   8   20  01  00  74  00  20  00  4f
  5123     3853.833   0328   8   10  01  00  00  00  00  00  00
  5124     3854.217   0328   8   10  01  00  4e  00  00  00  54
  5162     3883.572   0328   8   00  01  00  00  00  00  00  00
  5164     3884.041   0328   8   00  01  00  69  00  72  00  00
  5203     3913.651   0328   8   00  00  00  00  00  00  00  00
  5675     4266.798   0328   8   40  41  00  4c  00  69  00  67
  5727     4297.632   0328   8   30  01  00  68  00  74  00  53
  5778     4329.077   0328   8   20  01  00  68  00  6f  00  77
  5826     4360.437   0328   8   10  01  00  3f  00  00  00  4c
  5868     4391.156   0328   8   00  01  00  69  00  76  00  00
  5914     4423.540   0328   8   00  00  00  00  00  00  00  00
  6132     4593.863   0328   8   00  00  00  00  00  00  00  00
  6614     4973.590   0328   8   40  41  00  4d  00  55  00  53
  6616     4974.059   0328   8   40  41  00  4c  00  69  00  67
  6655     5003.584   0328   8   30  01  00  49  00  43  00  20
  6657     5004.096   0328   8   30  01  00  68  00  74  00  53
  6693     5033.621   0328   8   20  01  00  4f  00  46  00  46
  6695     5034.090   0328   8   20  01  00  68  00  6f  00  77
  6733     5063.871   0328   8   10  01  00  00  00  00  00  00
  6734     5064.213   0328   8   10  01  00  3f  00  00  00  4c
  6774     5093.823   0328   8   00  01  00  00  00  00  00  00
  6775     5094.207   0328   8   00  01  00  69  00  76  00  00
  6813     5124.116   0328   8   00  00  00  00  00  00  00  00
  7442     5593.898   0328   8   00  00  00  00  00  00  00  00
  8195     6184.012   0328   8   40  41  00  4d  00  55  00  53
  8196     6184.353   0328   8   40  41  00  4c  00  69  00  67
  8243     6213.963   0328   8   30  01  00  49  00  43  00  20
  8244     6214.305   0328   8   30  01  00  68  00  74  00  53
  8292     6244.000   0328   8   20  01  00  4f  00  46  00  46
  8293     6244.384   0328   8   20  01  00  68  00  6f  00  77
  8341     6274.378   0328   8   10  01  00  00  00  00  00  00
  8343     6274.848   0328   8   10  01  00  3f  00  00  00  4c
  8396     6304.159   0328   8   00  01  00  00  00  00  00  00
  8397     6304.543   0328   8   00  01  00  69  00  76  00  00
  8444     6333.897   0328   8   00  00  00  00  00  00  00  00
  8782     6593.891   0328   8   00  00  00  00  00  00  00  00
  9330     7027.207   0328   8   40  41  00  4b  00  65  00  79
  9368     7058.396   0328   8   30  01  00  20  00  4e  00  6f
  9408     7089.201   0328   8   20  01  00  74  00  20  00  4f
  9446     7120.006   0328   8   10  01  00  4e  00  00  00  54
  9485     7150.811   0328   8   00  01  00  69  00  72  00  00
  9538     7184.133   0328   8   00  00  00  00  00  00  00  00
  9833     7393.879   0328   8   40  41  00  4d  00  55  00  53
  9834     7394.220   0328   8   40  41  00  4b  00  65  00  79
  9874     7424.927   0328   8   30  01  00  49  00  43  00  20
  9875     7425.268   0328   8   30  01  00  20  00  4e  00  6f
  9912     7453.897   0328   8   20  01  00  4f  00  46  00  46
  9913     7454.281   0328   8   20  01  00  74  00  20  00  4f
  9953     7484.147   0328   8   10  01  00  00  00  00  00  00
  9954     7484.531   0328   8   10  01  00  4e  00  00  00  54
  9994     7513.928   0328   8   00  01  00  00  00  00  00  00
  9995     7514.270   0328   8   00  01  00  69  00  72  00  00
 10033     7544.946   0328   8   00  00  00  00  00  00  00  00
 10098     7593.927   0328   8   00  00  00  00  00  00  00  00
 11427     8593.833   0328   8   00  00  00  00  00  00  00  00
 11466     8624.168   0328   8   40  41  00  4d  00  55  00  53
 11467     8624.552   0328   8   40  41  00  4b  00  65  00  79
 11504     8653.821   0328   8   30  01  00  49  00  43  00  20
 11505     8654.162   0328   8   30  01  00  20  00  4e  00  6f
 11544     8684.071   0328   8   20  01  00  4f  00  46  00  46
 11545     8684.413   0328   8   20  01  00  74  00  20  00  4f
 11586     8713.852   0328   8   10  01  00  00  00  00  00  00
 11587     8714.193   0328   8   10  01  00  4e  00  00  00  54
 11626     8743.804   0328   8   00  01  00  00  00  00  00  00
 11627     8744.188   0328   8   00  01  00  69  00  72  00  00
 11670     8775.846   0328   8   00  00  00  00  00  00  00  00
 12737     9593.911   0328   8   00  00  00  00  00  00  00  00
 13019     9813.854   0328   8   40  41  00  4d  00  55  00  53
 13020     9814.196   0328   8   40  41  00  4b  00  65  00  79
 13057     9843.848   0328   8   30  01  00  49  00  43  00  20
 13058     9844.232   0328   8   30  01  00  20  00  4e  00  6f
 13097     9874.099   0328   8   20  01  00  4f  00  46  00  46
 13098     9874.440   0328   8   20  01  00  74  00  20  00  4f
 13138     9903.880   0328   8   10  01  00  00  00  00  00  00
 13139     9904.264   0328   8   10  01  00  4e  00  00  00  54
 13177     9933.874   0328   8   00  01  00  00  00  00  00  00
 13178     9934.258   0328   8   00  01  00  69  00  72  00  00
 13216     9963.911   0328   8   00  00  00  00  00  00  00  00
 14077    10593.817   0328   8   00  00  00  00  00  00  00  00
 14474    10907.540   0328   8   40  41  00  4c  00  69  00  67
 14511    10938.345   0328   8   30  01  00  68  00  74  00  53
 14551    10969.790   0328   8   20  01  00  68  00  6f  00  77
 14591    11000.637   0328   8   10  01  00  3f  00  00  00  4c
 14627    11024.743   0328   8   40  41  00  4d  00  55  00  53
 14631    11031.399   0328   8   00  01  00  69  00  76  00  00
 14665    11053.799   0328   8   30  01  00  49  00  43  00  20
 14678    11063.783   0328   8   00  00  00  00  00  00  00  00
 14705    11084.006   0328   8   20  01  00  4f  00  46  00  46
 14744    11113.873   0328   8   10  01  00  00  00  00  00  00
 14745    11114.257   0328   8   10  01  00  3f  00  00  00  4c
 14782    11143.824   0328   8   00  01  00  00  00  00  00  00
 14783    11144.208   0328   8   00  01  00  69  00  76  00  00
 14826    11174.032   0328   8   00  00  00  00  00  00  00  00
 15390    11593.908   0328   8   00  00  00  00  00  00  00  00
 16219    12233.712   0328   8   40  41  00  4d  00  55  00  53
 16220    12234.096   0328   8   40  41  00  4c  00  69  00  67
 16267    12263.707   0328   8   30  01  00  49  00  43  00  20
 16268    12264.091   0328   8   30  01  00  68  00  74  00  53
 16321    12294.597   0328   8   20  01  00  4f  00  46  00  46
 16322    12294.938   0328   8   20  01  00  68  00  6f  00  77
 16372    12324.250   0328   8   10  01  00  00  00  00  00  00
 16374    12324.719   0328   8   10  01  00  3f  00  00  00  4c
 16417    12353.775   0328   8   00  01  00  00  00  00  00  00
 16418    12354.159   0328   8   00  01  00  69  00  76  00  00
 16461    12383.939   0328   8   00  00  00  00  00  00  00  00
 16729    12593.814   0328   8   00  00  00  00  00  00  00  00
 17836    13443.750   0328   8   40  41  00  4d  00  55  00  53
 17837    13444.134   0328   8   40  41  00  4c  00  69  00  67
 17877    13473.958   0328   8   30  01  00  49  00  43  00  20
 17878    13474.342   0328   8   30  01  00  68  00  74  00  53
 17918    13503.781   0328   8   20  01  00  4f  00  46  00  46
 17919    13504.165   0328   8   20  01  00  68  00  6f  00  77
 17958    13534.330   0328   8   10  01  00  00  00  00  00  00
 17960    13534.842   0328   8   10  01  00  3f  00  00  00  4c
 17998    13564.666   0328   8   00  01  00  00  00  00  00  00
 17999    13565.007   0328   8   00  01  00  69  00  76  00  00
 18038    13593.892   0328   8   00  00  00  00  00  00  00  00
 18537    13987.857   0328   8   40  41  00  4b  00  65  00  79
 18575    14018.662   0328   8   30  01  00  20  00  4e  00  6f
 18614    14049.723   0328   8   20  01  00  74  00  20  00  4f
 18651    14080.272   0328   8   10  01  00  4e  00  00  00  54
 18693    14111.076   0328   8   00  01  00  69  00  72  00  00
 18737    14143.759   0328   8   00  00  00  00  00  00  00  00
 19374    14593.970   0328   8   00  00  00  00  00  00  00  00
 19449    14653.873   0328   8   40  41  00  4d  00  55  00  53
 19450    14654.257   0328   8   40  41  00  4b  00  65  00  79
 19489    14683.996   0328   8   30  01  00  49  00  43  00  20
 19490    14684.380   0328   8   30  01  00  20  00  4e  00  6f
 19532    14713.904   0328   8   20  01  00  4f  00  46  00  46
 19533    14714.288   0328   8   20  01  00  74  00  20  00  4f
 19571    14743.941   0328   8   10  01  00  00  00  00  00  00
 19572    14744.325   0328   8   10  01  00  4e  00  00  00  54
 19613    14774.008   0328   8   00  01  00  00  00  00  00  00
 19614    14774.392   0328   8   00  01  00  69  00  72  00  00
 19655    14804.002   0328   8   00  00  00  00  00  00  00  00
 20684    15594.049   0328   8   00  00  00  00  00  00  00  00
 21027    15863.941   0328   8   40  41  00  4d  00  55  00  53
 21028    15864.325   0328   8   40  41  00  4b  00  65  00  79
 21069    15894.021   0328   8   30  01  00  49  00  43  00  20
 21070    15894.405   0328   8   30  01  00  20  00  4e  00  6f
 21108    15924.441   0328   8   20  01  00  4f  00  46  00  46
 21110    15924.911   0328   8   20  01  00  74  00  20  00  4f
 21146    15954.094   0328   8   10  01  00  00  00  00  00  00
 21147    15954.436   0328   8   10  01  00  4e  00  00  00  54
 21188    15984.089   0328   8   00  01  00  00  00  00  00  00
 21189    15984.430   0328   8   00  01  00  69  00  72  00  00
 21228    16014.125   0328   8   00  00  00  00  00  00  00  00
 22024    16594.084   0328   8   00  00  00  00  00  00  00  00
 22631    17074.107   0328   8   40  41  00  4d  00  55  00  53
 22632    17074.447   0328   8   40  41  00  4b  00  65  00  79
 22673    17104.059   0328   8   30  01  00  49  00  43  00  20
 22674    17104.441   0328   8   30  01  00  20  00  4e  00  6f
 22711    17134.096   0328   8   20  01  00  4f  00  46  00  46
 22712    17134.438   0328   8   20  01  00  74  00  20  00  4f
 22751    17164.176   0328   8   10  01  00  00  00  00  00  00
 22753    17164.729   0328   8   10  01  00  4e  00  00  00  54
 22797    17194.127   0328   8   00  01  00  00  00  00  00  00
 22799    17194.725   0328   8   00  01  00  69  00  72  00  00
 22841    17224.719   0328   8   00  00  00  00  00  00  00  00
 23334    17594.205   0328   8   00  00  00  00  00  00  00  00
 24246    18284.799   0328   8   40  41  00  4d  00  55  00  53
 24247    18285.182   0328   8   40  41  00  4b  00  65  00  79
 24298    18314.621   0328   8   30  01  00  49  00  43  00  20
 24299    18314.963   0328   8   30  01  00  20  00  4e  00  6f
 24342    18344.061   0328   8   20  01  00  4f  00  46  00  46
 24344    18344.615   0328   8   20  01  00  74  00  20  00  4f
 24389    18374.141   0328   8   10  01  00  00  00  00  00  00
 24391    18374.652   0328   8   10  01  00  4e  00  00  00  54
 24430    18404.092   0328   8   00  01  00  00  00  00  00  00
 24432    18404.604   0328   8   00  01  00  69  00  72  00  00
 24469    18434.129   0328   8   00  00  00  00  00  00  00  00
