  000000   323955.000   043f   8   fe  3f  3f  ff  ff  ff  ff  ff
  000001   323956.000   012b   1   00  00  00  00  00  00  00  00
  000002   323965.000   022f   1   01  00  00  00  00  00  00  00
  000003   323976.000   02f3   8   08  00  00  00  00  00  00  00
  000004   323986.000   0302   8   00  00  00  00  00  00  00  00
  000005   323996.000   030d   4   00  00  00  00  00  00  00  00
  000006   323997.000   0328   8   40  41  00  4d  00  55  00  53
  000007   324006.000   030f   7   00  0a  0a  0a  0a  0a  00  00
  000008   324016.000   0317   8   00  00  00  00  00  00  3a  00
  000009   324026.000   0328   8   30  01  00  49  00  43  00  20
  000010   324036.000   032f   3   00  00  00  00  00  00  00  00
  000011   324046.000   043f   8   fd  03  3f  ff  ff  ff  ff  ff
  000012   324047.000   0342   5   00  00  00  00  00  00  00  00
  000013   324055.000   012b   1   00  00  00  00  00  00  00  00
  000014   324056.000   0328   8   20  01  00  4f  00  46  00  46
  000015   324057.000   0350   8   05  1e  0f  07  e5  09  10  01
  000016   324066.000   035c   6   00  00  00  00  1f  00  00  00
  000017   324086.000   0328   8   10  01  00  00  00  00  00  00
  000018   324116.000   0328   8   00  01  00  00  00  00  00  00
  000019   324146.000   0328   8   00  00  00  00  00  00  00  00
  000020   324155.000   012b   1   00  00  00  00  00  00  00  00
  000021   324180.000   0328   8   40  42  00  00  00  00  00  00
  000022   324206.000   0328   8   30  02  00  00  00  00  00  00
  000023   324236.000   0328   8   20  02  00  00  00  00  00  00
  000024   324255.000   012b   1   00  00  00  00  00  00  00  00
  000025   324266.000   0328   8   10  02  00  00  00  00  00  00
  000026   324296.000   0328   8   00  02  00  00  00  00  00  00
  000027   324326.000   043f   8   fd  01  3f  ff  ff  ff  ff  ff
  000028   324327.000   0328   8   00  00  00  00  00  00  00  00
  000029   324355.000   012b   1   00  00  00  00  00  00  00  00
  000030   324356.000   0328   8   40  43  00  00  00  00  00  00
  000031   324386.000   0328   8   30  03  00  00  00  00  00  00
  000032   324416.000   0328   8   20  03  00  00  00  00  00  00
  000033   324446.000   0328   8   10  03  00  00  00  00  00  00
  000034   324455.000   012b   1   00  00  00  00  00  00  00  00
  000035   324476.000   0328   8   00  03  00  00  00  00  00  00
  000036   324506.000   0328   8   00  00  00  00  00  00  00  00
  000037   324532.000   0328   8   40  44  00  00  00  00  00  00
  000038   324551.000   012b   1   00  00  00  00  00  00  00  00
  000039   324572.000   0328   8   40  41  00  4d  00  55  00  53
  000040   324602.000   0328   8   30  01  00  49  00  43  00  20
  000041   324632.000   0328   8   20  01  00  4f  00  46  00  46
  000042   324651.000   012b   1   00  00  00  00  00  00  00  00
  000043   324662.000   0328   8   10  01  00  00  00  00  00  00
  000044   324682.000   043f   8   fd  01  3f  ff  ff  ff  ff  ff
  000045   324692.000   0328   8   00  01  00  00  00  00  00  00
  000046   324722.000   0328   8   00  00  00  00  00  00  00  00
  000047   324751.000   012b   1   00  00  00  00  00  00  00  00
  000048   324752.000   0328   8   40  42  00  00  00  00  00  00
  000049   324782.000   0328   8   30  02  00  00  00  00  00  00
  000050   324812.000   0328   8   20  02  00  00  00  00  00  00
  000051   324842.000   0328   8   10  02  00  00  00  00  00  00
  000052   324851.000   012b   1   00  00  00  00  00  00  00  00
  000053   324872.000   0328   8   00  02  00  00  00  00  00  00
  000054   324902.000   0328   8   00  00  00  00  00  00  00  00
  000055   324932.000   0328   8   40  43  00  00  00  00  00  00
  000056   324951.000   012b   1   00  00  00  00  00  00  00  00
  000057   324961.000   022f   1   01  00  00  00  00  00  00  00
  000058   324962.000   0328   8   30  03  00  00  00  00  00  00
  000059   324972.000   02f3   8   08  00  00  00  00  00  00  00
  000060   324982.000   0302   8   00  00  00  00  00  00  00  00
  000061   324992.000   030d   4   00  00  00  00  00  00  00  00
  000062   324993.000   0328   8   20  03  00  00  00  00  00  00
  000063   325002.000   030f   7   00  0a  0a  0a  0a  0a  00  00
  000064   325012.000   0317   8   00  00  00  00  00  00  3a  00
  000065   325022.000   0328   8   10  03  00  00  00  00  00  00
  000066   325032.000   032f   3   00  00  00  00  00  00  00  00
  000067   325042.000   043f   8   fd  01  04  0f  00  00  00  01
  000068   325043.000   0342   5   00  00  00  00  00  00  00  00
  000069   325051.000   012b   1   00  00  00  00  00  00  00  00
  000070   325052.000   0328   8   00  03  00  00  00  00  00  00
  000071   325053.000   0350   8   06  1e  0f  07  e5  09  10  01
  000072   325062.000   035c   6   00  00  00  00  1f  00  00  00
  000073   325082.000   0328   8   00  00  00  00  00  00  00  00
  000074   325112.000   0328   8   40  44  00  00  00  00  00  00
  000075   325142.000   0328   8   30  04  00  00  00  00  00  00
  000076   325151.000   012b   1   00  00  00  00  00  00  00  00
  000077   325172.000   0328   8   20  04  00  00  00  00  00  00
  000078   325202.000   0328   8   10  04  00  00  00  00  00  00
  000079   325232.000   0328   8   00  04  00  00  00  00  00  00
  000080   325251.000   012b   1   00  00  00  00  00  00  00  00
  000081   325262.000   0328   8   00  00  00  00  00  00  00  00
  000082   325351.000   012b   1   00  00  00  00  00  00  00  00
  000083   325402.000   043f   8   fd  01  04  0f  01  00  00  01
  000084   325451.000   012b   1   00  00  00  00  00  00  00  00
  000085   325542.000   012b   1   03  00  00  00  00  00  00  00
  000086   325543.000   0302   8   00  09  00  00  00  00  00  00
  000087   325582.000   0317   8   00  00  00  00  00  00  3c  00
  000088   325622.000   0328   8   40  41  00  4c  00  4f  00  43
  000089   325641.000   012b   1   03  00  00  00  00  00  00  00
  000090   325652.000   0328   8   30  01  00  4b  00  45  00  44
  000091   325682.000   0328   8   20  01  00  20  00  52  00  41
  000092   325712.000   0328   8   10  01  00  44  00  49  00  4f
  000093   325742.000   012b   1   03  00  00  00  00  00  00  00
  000094   325743.000   0328   8   00  01  00  00  00  00  00  00
  000095   325772.000   043f   8   fd  01  04  0f  01  00  00  01
  000096   325773.000   0328   8   00  00  00  00  00  00  00  00
  000097   325802.000   0328   8   40  42  00  00  00  00  00  00
  000098   325832.000   0328   8   30  02  00  00  00  00  00  00
  000099   325841.000   012b   1   03  00  00  00  00  00  00  00
  000100   325862.000   0328   8   20  02  00  00  00  00  00  00
  000101   325872.000   02f3   8   00  00  00  00  00  00  00  00
  000102   325892.000   0328   8   10  02  00  00  00  00  00  00
  000103   325902.000   0302   8   00  02  00  00  00  00  00  00
  000104   325922.000   0328   8   00  02  00  00  00  00  00  00
  000105   325942.000   012b   1   03  00  00  00  00  00  00  00
  000106   325951.000   022f   1   01  00  00  00  00  00  00  00
  000107   325952.000   0328   8   00  00  00  00  00  00  00  00
  000108   325962.000   02f3   8   00  00  00  00  00  00  00  00
  000109   325972.000   0302   8   00  02  00  00  00  00  00  00
  000110   325982.000   030d   4   00  00  00  00  00  00  00  00
  000111   325983.000   0328   8   40  43  00  00  00  00  00  00
  000112   325992.000   030f   7   00  0a  0a  0a  0a  0a  00  00
  000113   326003.000   0317   8   00  00  00  00  00  00  3c  00
  000114   326012.000   0328   8   30  03  00  00  00  00  00  00
  000115   326022.000   032f   3   00  00  00  00  00  00  00  00
  000116   326032.000   0342   5   00  00  00  00  00  00  00  00
  000117   326041.000   012b   1   03  00  00  00  00  00  00  00
  000118   326042.000   0328   8   20  03  00  00  00  00  00  00
  000119   326043.000   0350   8   07  1e  0f  07  e5  09  10  01
  000120   326052.000   035c   6   00  00  00  00  1f  00  00  00
  000121   326072.000   0328   8   10  03  00  00  00  00  00  00
  000122   326102.000   0328   8   00  03  00  00  00  00  00  00
  000123   326132.000   0328   8   00  00  00  00  00  00  00  00
  000124   326141.000   012b   1   03  00  00  00  00  00  00  00
  000125   326152.000   043f   8   fd  01  04  0f  01  00  00  01
  000126   326162.000   0328   8   40  44  00  00  00  00  00  00
  000127   326192.000   0328   8   30  04  00  00  00  00  00  00
  000128   326232.000   0328   8   40  41  00  4c  00  4f  00  43
  000129   326241.000   012b   1   03  00  00  00  00  00  00  00
  000130   326262.000   0328   8   30  01  00  4b  00  45  00  44
  000131   326292.000   0328   8   20  01  00  20  00  52  00  41
  000132   326322.000   0328   8   10  01  00  44  00  49  00  4f
  000133   326342.000   012b   1   03  00  00  00  00  00  00  00
  000134   326352.000   0328   8   00  01  00  00  00  00  00  00
  000135   326382.000   02f3   8   08  00  00  00  00  00  00  00
  000136   326383.000   0328   8   00  00  00  00  00  00  00  00
  000137   326412.000   0328   8   40  42  00  00  00  00  00  00
  000138   326441.000   012b   1   03  00  00  00  00  00  00  00
  000139   326442.000   0328   8   30  02  00  00  00  00  00  00
  000140   326472.000   0328   8   20  02  00  00  00  00  00  00
  000141   326502.000   0328   8   10  02  00  00  00  00  00  00
  000142   326532.000   043f   8   fd  01  04  0f  01  00  00  01
  000143   326533.000   0328   8   00  02  00  00  00  00  00  00
  000144   326542.000   012b   1   03  00  00  00  00  00  00  00
  000145   326562.000   0328   8   00  00  00  00  00  00  00  00
  000146   326592.000   0328   8   40  43  00  00  00  00  00  00
  000147   326622.000   0328   8   30  03  00  00  00  00  00  00
  000148   326641.000   012b   1   03  00  00  00  00  00  00  00
  000149   326652.000   0328   8   20  03  00  00  00  00  00  00
  000150   326712.000   0328   8   40  41  00  4c  00  4f  00  43
  000151   326742.000   012b   1   03  00  00  00  00  00  00  00
  000152   326743.000   0328   8   30  01  00  4b  00  45  00  44
  000153   326772.000   0328   8   20  01  00  20  00  52  00  41
  000154   326802.000   0328   8   10  01  00  44  00  49  00  4f
  000155   326832.000   0328   8   00  01  00  00  00  00  00  00
  000156   326841.000   012b   1   03  00  00  00  00  00  00  00
  000157   326862.000   0328   8   00  00  00  00  00  00  00  00
  000158   326912.000   043f   8   fd  01  04  0f  01  00  00  01
  000159   326913.000   0328   8   40  41  00  4c  00  4f  00  43
  000160   326942.000   012b   1   03  00  00  00  00  00  00  00
  000161   326943.000   0328   8   30  01  00  4b  00  45  00  44
  000162   326951.000   022f   1   01  00  00  00  00  00  00  00
  000163   326962.000   02f3   8   08  00  00  00  00  00  00  00
  000164   326972.000   0302   8   00  02  00  00  00  00  00  00
  000165   326973.000   0328   8   20  01  00  20  00  52  00  41
  000166   326982.000   030d   4   00  00  00  00  00  00  00  00
  000167   326992.000   030f   7   00  0a  0a  0a  0a  0a  00  00
  000168   327002.000   0317   8   00  00  00  00  00  00  3c  00
  000169   327003.000   0328   8   10  01  00  44  00  49  00  4f
  000170   327022.000   032f   3   00  00  00  00  00  00  00  00
  000171   327032.000   0328   8   00  01  00  00  00  00  00  00
  000172   327033.000   0342   5   00  00  00  00  00  00  00  00
  000173   327041.000   012b   1   03  00  00  00  00  00  00  00
  000174   327042.000   0350   8   08  1e  0f  07  e5  09  10  01
  000175   327052.000   035c   6   00  00  00  00  1f  00  00  00
  000176   327062.000   0328   8   00  00  00  00  00  00  00  00
  000177   327092.000   0328   8   40  42  00  00  00  00  00  00
  000178   327122.000   0328   8   30  02  00  00  00  00  00  00
  000179   327142.000   012b   1   03  00  00  00  00  00  00  00
  000180   327152.000   0328   8   20  02  00  00  00  00  00  00
  000181   327182.000   0328   8   10  02  00  00  00  00  00  00
  000182   327216.000   0328   8   00  02  00  00  00  00  00  00
  000183   327241.000   012b   1   03  00  00  00  00  00  00  00
  000184   327242.000   0328   8   00  00  00  00  00  00  00  00
  000185   327272.000   0328   8   40  43  00  00  00  00  00  00
  000186   327292.000   043f   8   fd  01  04  0f  01  00  00  01
  000187   327302.000   02f3   8   00  00  00  00  00  00  00  00
  000188   327303.000   0328   8   30  03  00  00  00  00  00  00
  000189   327332.000   0328   8   20  03  00  00  00  00  00  00
  000190   327342.000   012b   1   03  00  00  00  00  00  00  00
  000191   327362.000   0328   8   10  03  00  00  00  00  00  00
  000192   327392.000   0328   8   00  03  00  00  00  00  00  00
  000193   327422.000   0328   8   00  00  00  00  00  00  00  00
  000194   327441.000   012b   1   03  00  00  00  00  00  00  00
  000195   327452.000   0328   8   40  44  00  00  00  00  00  00
  000196   327482.000   0328   8   30  04  00  00  00  00  00  00
  000197   327512.000   0328   8   20  04  00  00  00  00  00  00
  000198   327542.000   012b   1   03  00  00  00  00  00  00  00
  000199   327543.000   0328   8   10  04  00  00  00  00  00  00
  000200   327572.000   0328   8   00  04  00  00  00  00  00  00
  000201   327602.000   0328   8   00  00  00  00  00  00  00  00
  000202   327641.000   012b   1   03  00  00  00  00  00  00  00
  000203   327672.000   043f   8   fd  01  04  0f  01  00  00  01
  000204   327742.000   012b   1   03  00  00  00  00  00  00  00
  000205   327841.000   012b   1   03  00  00  00  00  00  00  00
  000206   327942.000   012b   1   03  00  00  00  00  00  00  00
  000207   327951.000   022f   1   01  00  00  00  00  00  00  00
  000208   327962.000   02f3   8   00  00  00  00  00  00  00  00
  000209   327972.000   0302   8   00  02  00  00  00  00  00  00
  000210   327982.000   030d   4   00  00  00  00  00  00  00  00
  000211   327992.000   030f   7   00  0a  0a  0a  0a  0a  00  00
  000212   328003.000   0317   8   00  00  00  00  00  00  3c  00
  000213   328012.000   0328   8   00  00  00  00  00  00  00  00
  000214   328022.000   032f   3   00  00  00  00  00  00  00  00
  000215   328032.000   0342   5   00  00  00  00  00  00  00  00
  000216   328041.000   012b   1   03  00  00  00  00  00  00  00
  000217   328042.000   0350   8   09  1e  0f  07  e5  09  10  01
  000218   328052.000   043f   8   fd  01  04  0f  01  00  00  01
  000219   328053.000   035c   6   00  00  00  00  1f  00  00  00
  000220   328142.000   012b   1   03  00  00  00  00  00  00  00
  000221   328241.000   012b   1   03  00  00  00  00  00  00  00
  000222   328342.000   012b   1   03  00  00  00  00  00  00  00
  000223   328432.000   043f   8   fd  01  04  0f  01  00  00  01
  000224   328441.000   012b   1   03  00  00  00  00  00  00  00
  000225   328542.000   012b   1   03  00  00  00  00  00  00  00
  000226   328641.000   012b   1   03  00  00  00  00  00  00  00
  000227   328662.000   0328   8   40  41  00  4c  00  4f  00  43
  000228   328692.000   0328   8   30  01  00  4b  00  45  00  44
  000229   328722.000   0328   8   20  01  00  20  00  52  00  41
  000230   328742.000   012b   1   03  00  00  00  00  00  00  00
  000231   328752.000   0328   8   10  01  00  44  00  49  00  4f
  000232   328782.000   0328   8   00  01  00  00  00  00  00  00
  000233   328812.000   043f   8   fd  01  04  0f  01  00  00  01
  000234   328813.000   0328   8   00  00  00  00  00  00  00  00
  000235   328841.000   012b   1   03  00  00  00  00  00  00  00
  000236   328942.000   012b   1   03  00  00  00  00  00  00  00
  000237   328951.000   022f   1   01  00  00  00  00  00  00  00
  000238   328962.000   02f3   8   00  00  00  00  00  00  00  00
  000239   328972.000   0302   8   00  02  00  00  00  00  00  00
  000240   328982.000   030d   4   00  00  00  00  00  00  00  00
  000241   328983.000   0317   8   00  00  00  00  00  00  12  00
  000242   328992.000   030f   7   00  0a  0a  0a  0a  0a  00  00
  000243   329012.000   02f3   8   08  00  00  00  00  00  00  00
  000244   329013.000   0317   8   00  00  00  00  00  00  12  00
  000245   329014.000   0328   8   00  00  00  00  00  00  00  00
  000246   329022.000   032f   3   00  00  00  00  00  00  00  00
  000247   329032.000   0342   5   00  00  00  00  00  00  00  00
  000248   329041.000   012b   1   03  00  00  00  00  00  00  00
  000249   329042.000   0350   8   0a  1e  0f  07  e5  09  10  01
  000250   329052.000   035c   6   00  00  00  00  1f  00  00  00
  000251   329062.000   0328   8   40  41  00  53  00  58  00  4d
  000252   329092.000   0328   8   30  01  00  20  00  52  00  64
  000253   329122.000   02f3   8   00  00  00  00  00  00  00  00
  000254   329123.000   0328   8   20  01  00  68  00  6f  00  75
  000255   329142.000   012b   1   03  00  00  00  00  00  00  00
  000256   329152.000   0328   8   10  01  00  73  00  65  00  00
  000257   329182.000   0328   8   00  01  00  00  00  00  00  00
  000258   329192.000   043f   8   fd  01  04  0f  01  00  00  01
  000259   329212.000   0328   8   00  00  00  00  00  00  00  00
  000260   329242.000   012b   1   03  00  00  00  00  00  00  00
  000261   329243.000   0328   8   40  42  00  00  00  00  00  00
  000262   329272.000   0328   8   30  02  00  00  00  00  00  00
  000263   329302.000   0328   8   20  02  00  00  00  00  00  00
  000264   329332.000   0328   8   10  02  00  00  00  00  00  00
  000265   329342.000   012b   1   03  00  00  00  00  00  00  00
  000266   329362.000   0328   8   00  02  00  00  00  00  00  00
  000267   329402.000   0328   8   40  41  00  53  00  58  00  4d
  000268   329432.000   0328   8   30  01  00  20  00  52  00  64
  000269   329441.000   012b   1   03  00  00  00  00  00  00  00
  000270   329462.000   0328   8   20  01  00  68  00  6f  00  75
  000271   329492.000   0328   8   10  01  00  73  00  65  00  00
  000272   329522.000   0328   8   00  01  00  00  00  00  00  00
  000273   329542.000   012b   1   03  00  00  00  00  00  00  00
  000274   329552.000   0328   8   00  00  00  00  00  00  00  00
  000275   329572.000   043f   8   fd  01  04  0f  01  00  00  01
  000276   329582.000   0328   8   40  42  00  00  00  00  00  00
  000277   329612.000   0328   8   30  02  00  00  00  00  00  00
  000278   329641.000   012b   1   03  00  00  00  00  00  00  00
  000279   329643.000   0328   8   20  02  00  00  00  00  00  00
  000280   329672.000   0328   8   10  02  00  00  00  00  00  00
  000281   329702.000   0328   8   00  02  00  00  00  00  00  00
  000282   329732.000   0328   8   00  00  00  00  00  00  00  00
  000283   329742.000   012b   1   03  00  00  00  00  00  00  00
  000284   329762.000   0328   8   40  43  00  00  00  00  00  00
  000285   329792.000   0328   8   30  03  00  00  00  00  00  00
  000286   329822.000   0328   8   20  03  00  00  00  00  00  00
  000287   329841.000   012b   1   03  00  00  00  00  00  00  00
  000288   329852.000   0328   8   10  03  00  00  00  00  00  00
  000289   329882.000   0328   8   00  03  00  00  00  00  00  00
  000290   329912.000   0328   8   00  00  00  00  00  00  00  00
  000291   329942.000   012b   1   03  00  00  00  00  00  00  00
  000292   329952.000   043f   8   fd  01  04  0f  01  00  00  01
  000293   329952.000   022f   1   01  00  00  00  00  00  00  00
  000294   329953.000   0328   8   40  44  00  00  00  00  00  00
  000295   329962.000   02f3   8   00  00  00  00  00  00  00  00
  000296   329972.000   0302   8   00  02  00  00  00  00  00  00
  000297   329982.000   030d   4   00  00  00  00  00  00  00  00
  000298   329983.000   0328   8   30  04  00  00  00  00  00  00
  000299   329992.000   030f   7   00  0a  0a  0a  0a  0a  00  00
  000300   330003.000   0317   8   00  00  00  00  00  00  12  00
  000301   330012.000   0328   8   20  04  00  00  00  00  00  00
  000302   330022.000   032f   3   00  00  00  00  00  00  00  00
  000303   330032.000   0342   5   00  00  00  00  00  00  00  00
  000304   330042.000   012b   1   03  00  00  00  00  00  00  00
  000305   330043.000   0328   8   10  04  00  00  00  00  00  00
  000306   330044.000   0350   8   0b  1e  0f  07  e5  09  10  01
  000307   330052.000   035c   6   00  00  00  00  1f  00  00  00
  000308   330072.000   0328   8   00  04  00  00  00  00  00  00
  000309   330102.000   0328   8   00  00  00  00  00  00  00  00
  000310   330142.000   012b   1   03  00  00  00  00  00  00  00
  000311   330252.000   012b   1   03  00  00  00  00  00  00  00
  000312   330332.000   043f   8   fd  01  04  0f  01  00  00  01
  000313   330341.000   012b   1   03  00  00  00  00  00  00  00
  000314   330441.000   012b   1   03  00  00  00  00  00  00  00
  000315   330541.000   012b   1   03  00  00  00  00  00  00  00
  000316   330641.000   012b   1   03  00  00  00  00  00  00  00
  000317   330712.000   043f   8   fd  01  04  0f  01  00  00  01
  000318   330742.000   012b   1   03  00  00  00  00  00  00  00
  000319   330841.000   012b   1   03  00  00  00  00  00  00  00
  000320   330942.000   012b   1   03  00  00  00  00  00  00  00
  000321   330951.000   022f   1   00  00  00  00  00  00  00  00
  000322   330962.000   02f3   8   00  00  00  00  00  00  00  00
  000323   330972.000   0302   8   00  02  00  00  00  00  00  00
  000324   330982.000   030d   4   00  00  00  00  00  00  00  00
  000325   330992.000   030f   7   00  0a  0a  0a  0a  0a  00  00
  000326   331002.000   0317   8   00  00  00  00  00  00  12  00
  000327   331012.000   0328   8   00  00  00  00  00  00  00  00
  000328   331022.000   032f   3   00  00  00  00  00  00  00  00
  000329   331032.000   0342   5   00  00  00  00  00  00  00  00
  000330   331041.000   012b   1   03  00  00  00  00  00  00  00
  000331   331042.000   0350   8   0c  1e  0f  07  e5  09  10  01
  000332   331052.000   035c   6   00  00  00  00  1f  00  00  00
  000333   331092.000   043f   8   fd  01  04  0f  01  00  00  01
  000334   331142.000   012b   1   03  00  00  00  00  00  00  00
  000335   331152.000   0328   8   40  41  00  53  00  58  00  4d
  000336   331182.000   0328   8   30  01  00  20  00  52  00  64
  000337   331212.000   0328   8   20  01  00  68  00  6f  00  75
  000338   331241.000   012b   1   03  00  00  00  00  00  00  00
  000339   331242.000   0328   8   10  01  00  73  00  65  00  00
  000340   331272.000   0328   8   00  01  00  00  00  00  00  00
  000341   331302.000   0328   8   00  00  00  00  00  00  00  00
  000342   331332.000   0328   8   40  42  00  00  00  00  00  00
  000343   331342.000   012b   1   03  00  00  00  00  00  00  00
  000344   331362.000   0328   8   30  02  00  00  00  00  00  00
  000345   331392.000   0328   8   20  02  00  00  00  00  00  00
  000346   331422.000   0328   8   10  02  00  00  00  00  00  00
  000347   331441.000   012b   1   03  00  00  00  00  00  00  00
  000348   331452.000   0328   8   00  02  00  00  00  00  00  00
  000349   331472.000   043f   8   fd  01  04  0f  01  00  00  01
  000350   331482.000   0328   8   00  00  00  00  00  00  00  00
  000351   331512.000   0328   8   40  43  00  00  00  00  00  00
  000352   331542.000   012b   1   03  00  00  00  00  00  00  00
  000353   331552.000   0328   8   30  03  00  00  00  00  00  00
  000354   331582.000   0328   8   20  03  00  00  00  00  00  00
  000355   331612.000   0328   8   10  03  00  00  00  00  00  00
  000356   331641.000   012b   1   03  00  00  00  00  00  00  00
  000357   331642.000   0328   8   00  03  00  00  00  00  00  00
  000358   331672.000   0328   8   00  00  00  00  00  00  00  00
  000359   331742.000   012b   1   03  00  00  00  00  00  00  00
  000360   331841.000   012b   1   03  00  00  00  00  00  00  00
  000361   331852.000   043f   8   fd  01  04  0f  01  00  00  01
  000362   331942.000   012b   1   03  00  00  00  00  00  00  00
  000363   331951.000   022f   1   00  00  00  00  00  00  00  00
  000364   331962.000   02f3   8   00  00  00  00  00  00  00  00
  000365   331972.000   0302   8   00  02  00  00  00  00  00  00
  000366   331982.000   030d   4   00  00  00  00  00  00  00  00
  000367   331992.000   030f   7   00  0a  0a  0a  0a  0a  00  00
  000368   332003.000   0317   8   00  00  00  00  00  00  12  00
  000369   332012.000   0328   8   00  00  00  00  00  00  00  00
  000370   332022.000   032f   3   00  00  00  00  00  00  00  00
  000371   332032.000   0342   5   00  00  00  00  00  00  00  00
  000372   332042.000   012b   1   03  00  00  00  00  00  00  00
  000373   332043.000   0350   8   0d  1e  0f  07  e5  09  10  01
  000374   332052.000   035c   6   00  00  00  00  1f  00  00  00
  000375   332141.000   012b   1   03  00  00  00  00  00  00  00
  000376   332232.000   043f   8   fd  01  04  0f  01  00  00  01
  000377   332241.000   012b   1   03  00  00  00  00  00  00  00
  000378   332342.000   012b   1   03  00  00  00  00  00  00  00
  000379   332441.000   012b   1   03  00  00  00  00  00  00  00
  000380   332542.000   012b   1   03  00  00  00  00  00  00  00
  000381   332612.000   043f   8   fd  01  04  0f  01  00  00  01
  000382   332641.000   012b   1   03  00  00  00  00  00  00  00
  000383   332722.000   0328   8   40  41  00  53  00  58  00  4d
  000384   332742.000   012b   1   03  00  00  00  00  00  00  00
  000385   332752.000   0328   8   30  01  00  20  00  52  00  64
  000386   332782.000   0328   8   20  01  00  68  00  6f  00  75
  000387   332812.000   0328   8   10  01  00  73  00  65  00  00
  000388   332841.000   012b   1   03  00  00  00  00  00  00  00
  000389   332842.000   0328   8   00  01  00  00  00  00  00  00
  000390   332872.000   0328   8   00  00  00  00  00  00  00  00
  000391   332902.000   0328   8   40  42  00  00  00  00  00  00
  000392   332932.000   0328   8   30  02  00  00  00  00  00  00
  000393   332942.000   012b   1   03  00  00  00  00  00  00  00
  000394   332951.000   022f   1   00  00  00  00  00  00  00  00
  000395   332962.000   02f3   8   00  00  00  00  00  00  00  00
  000396   332963.000   0328   8   20  02  00  00  00  00  00  00
  000397   332972.000   0302   8   00  02  00  00  00  00  00  00
  000398   332982.000   030d   4   00  00  00  00  00  00  00  00
  000399   332992.000   043f   8   fd  01  04  0f  01  00  00  01
  000400   332993.000   030f   7   00  0a  0a  0a  0a  0a  00  00
  000401   332995.000   0328   8   10  02  00  00  00  00  00  00
  000402   333002.000   0317   8   00  00  00  00  00  00  12  00
  000403   333022.000   0328   8   00  02  00  00  00  00  00  00
  000404   333023.000   032f   3   00  00  00  00  00  00  00  00
  000405   333032.000   0342   5   00  00  00  00  00  00  00  00
  000406   333041.000   012b   1   03  00  00  00  00  00  00  00
  000407   333042.000   0350   8   0e  1e  0f  07  e5  09  10  01
  000408   333052.000   0328   8   00  00  00  00  00  00  00  00
  000409   333053.000   035c   6   00  00  00  00  1f  00  00  00
  000410   333082.000   0328   8   40  43  00  00  00  00  00  00
  000411   333112.000   0328   8   30  03  00  00  00  00  00  00
  000412   333142.000   012b   1   03  00  00  00  00  00  00  00
  000413   333152.000   0328   8   20  03  00  00  00  00  00  00
  000414   333182.000   0328   8   10  03  00  00  00  00  00  00
  000415   333212.000   0328   8   00  03  00  00  00  00  00  00
  000416   333241.000   012b   1   03  00  00  00  00  00  00  00
  000417   333242.000   0328   8   00  00  00  00  00  00  00  00
  000418   333342.000   012b   1   03  00  00  00  00  00  00  00
  000419   333372.000   043f   8   fd  01  04  0f  01  00  00  01
  000420   333441.000   012b   1   03  00  00  00  00  00  00  00
  000421   333541.000   012b   1   03  00  00  00  00  00  00  00
  000422   333641.000   012b   1   03  00  00  00  00  00  00  00
  000423   333662.000   012b   1   01  00  00  00  00  00  00  00
  000424   333672.000   0317   8   00  00  00  00  00  00  3a  00
  000425   333691.000   012b   1   00  00  00  00  00  00  00  00
  000426   333721.000   012b   1   00  00  00  00  00  00  00  00
  000427   333732.000   043f   8   fd  01  04  0f  01  00  00  01
  000428   333742.000   0328   8   40  41  00  4d  00  55  00  53
  000429   333772.000   0328   8   30  01  00  49  00  43  00  20
  000430   333802.000   0328   8   20  01  00  4f  00  46  00  46
  000431   333821.000   012b   1   00  00  00  00  00  00  00  00
  000432   333832.000   0328   8   10  01  00  00  00  00  00  00
  000433   333862.000   0328   8   00  01  00  00  00  00  00  00
  000434   333892.000   0328   8   00  00  00  00  00  00  00  00
  000435   333921.000   012b   1   00  00  00  00  00  00  00  00
  000436   333922.000   0328   8   40  42  00  00  00  00  00  00
  000437   333931.000   022f   1   02  00  00  00  00  00  00  00
  000438   333942.000   02f3   8   00  00  00  00  00  00  00  00
  000439   333952.000   0302   8   00  02  00  00  00  00  00  00
  000440   333953.000   0328   8   30  02  00  00  00  00  00  00
  000441   333962.000   030d   4   00  00  00  00  00  00  00  00
  000442   333972.000   030f   7   00  0a  0a  0a  0a  0a  00  00
  000443   333983.000   0317   8   00  00  00  00  00  00  3a  00
  000444   333985.000   0328   8   20  02  00  00  00  00  00  00
  000445   334002.000   032f   3   00  00  00  00  00  00  00  00
  000446   334013.000   0328   8   10  02  00  00  00  00  00  00
  000447   334014.000   0342   5   00  00  00  00  00  00  00  00
  000448   334021.000   012b   1   00  00  00  00  00  00  00  00
  000449   334022.000   0350   8   0f  1e  0f  07  e5  09  10  01
  000450   334032.000   035c   6   00  00  00  00  1f  00  00  00
  000451   334042.000   0328   8   00  02  00  00  00  00  00  00
  000452   334073.000   0328   8   00  00  00  00  00  00  00  00
  000453   334102.000   0328   8   40  43  00  00  00  00  00  00
  000454   334112.000   043f   8   fd  01  04  0f  01  00  00  01
  000455   334121.000   012b   1   00  00  00  00  00  00  00  00
  000456   334132.000   0328   8   30  03  00  00  00  00  00  00
  000457   334162.000   0328   8   20  03  00  00  00  00  00  00
  000458   334192.000   0328   8   10  03  00  00  00  00  00  00
  000459   334221.000   012b   1   00  00  00  00  00  00  00  00
  000460   334222.000   0328   8   00  03  00  00  00  00  00  00
  000461   334252.000   0328   8   00  00  00  00  00  00  00  00
  000462   334282.000   0328   8   40  44  00  00  00  00  00  00
  000463   334312.000   0328   8   30  04  00  00  00  00  00  00
  000464   334321.000   012b   1   00  00  00  00  00  00  00  00
  000465   334342.000   0328   8   20  04  00  00  00  00  00  00
  000466   334352.000   0302   8   00  00  00  00  00  00  00  00
  000467   334372.000   0328   8   10  04  00  00  00  00  00  00
  000468   334402.000   0328   8   00  04  00  00  00  00  00  00
  000469   334421.000   012b   1   00  00  00  00  00  00  00  00
  000470   334432.000   0328   8   00  00  00  00  00  00  00  00
  000471   334472.000   043f   8   fd  01  04  0f  01  00  00  01
  000472   334521.000   012b   1   00  00  00  00  00  00  00  00
  000473   334621.000   012b   1   00  00  00  00  00  00  00  00
