  000003   323976.000   02f3   8   08  00  00  00  00  00  00  00
  000059   324972.000   02f3   8   08  00  00  00  00  00  00  00
  000101   325872.000   02f3   8   00  00  00  00  00  00  00  00
  000108   325962.000   02f3   8   00  00  00  00  00  00  00  00
  000135   326382.000   02f3   8   08  00  00  00  00  00  00  00
  000163   326962.000   02f3   8   08  00  00  00  00  00  00  00
  000187   327302.000   02f3   8   00  00  00  00  00  00  00  00
  000208   327962.000   02f3   8   00  00  00  00  00  00  00  00
  000238   328962.000   02f3   8   00  00  00  00  00  00  00  00
  000243   329012.000   02f3   8   08  00  00  00  00  00  00  00
  000253   329122.000   02f3   8   00  00  00  00  00  00  00  00
  000295   329962.000   02f3   8   00  00  00  00  00  00  00  00
  000322   330962.000   02f3   8   00  00  00  00  00  00  00  00
  000364   331962.000   02f3   8   00  00  00  00  00  00  00  00
  000395   332962.000   02f3   8   00  00  00  00  00  00  00  00
  000438   333942.000   02f3   8   00  00  00  00  00  00  00  00
