  000001   323956.000   012b   1   00  00  00  00  00  00  00  00
  000013   324055.000   012b   1   00  00  00  00  00  00  00  00
  000020   324155.000   012b   1   00  00  00  00  00  00  00  00
  000024   324255.000   012b   1   00  00  00  00  00  00  00  00
  000029   324355.000   012b   1   00  00  00  00  00  00  00  00
  000034   324455.000   012b   1   00  00  00  00  00  00  00  00
  000038   324551.000   012b   1   00  00  00  00  00  00  00  00
  000042   324651.000   012b   1   00  00  00  00  00  00  00  00
  000047   324751.000   012b   1   00  00  00  00  00  00  00  00
  000052   324851.000   012b   1   00  00  00  00  00  00  00  00
  000056   324951.000   012b   1   00  00  00  00  00  00  00  00
  000069   325051.000   012b   1   00  00  00  00  00  00  00  00
  000076   325151.000   012b   1   00  00  00  00  00  00  00  00
  000080   325251.000   012b   1   00  00  00  00  00  00  00  00
  000082   325351.000   012b   1   00  00  00  00  00  00  00  00
  000084   325451.000   012b   1   00  00  00  00  00  00  00  00
  000085   325542.000   012b   1   03  00  00  00  00  00  00  00
  000089   325641.000   012b   1   03  00  00  00  00  00  00  00
  000093   325742.000   012b   1   03  00  00  00  00  00  00  00
  000099   325841.000   012b   1   03  00  00  00  00  00  00  00
  000105   325942.000   012b   1   03  00  00  00  00  00  00  00
  000117   326041.000   012b   1   03  00  00  00  00  00  00  00
  000124   326141.000   012b   1   03  00  00  00  00  00  00  00
  000129   326241.000   012b   1   03  00  00  00  00  00  00  00
  000133   326342.000   012b   1   03  00  00  00  00  00  00  00
  000138   326441.000   012b   1   03  00  00  00  00  00  00  00
  000144   326542.000   012b   1   03  00  00  00  00  00  00  00
  000148   326641.000   012b   1   03  00  00  00  00  00  00  00
  000151   326742.000   012b   1   03  00  00  00  00  00  00  00
  000156   326841.000   012b   1   03  00  00  00  00  00  00  00
  000160   326942.000   012b   1   03  00  00  00  00  00  00  00
  000173   327041.000   012b   1   03  00  00  00  00  00  00  00
  000179   327142.000   012b   1   03  00  00  00  00  00  00  00
  000183   327241.000   012b   1   03  00  00  00  00  00  00  00
  000190   327342.000   012b   1   03  00  00  00  00  00  00  00
  000194   327441.000   012b   1   03  00  00  00  00  00  00  00
  000198   327542.000   012b   1   03  00  00  00  00  00  00  00
  000202   327641.000   012b   1   03  00  00  00  00  00  00  00
  000204   327742.000   012b   1   03  00  00  00  00  00  00  00
  000205   327841.000   012b   1   03  00  00  00  00  00  00  00
  000206   327942.000   012b   1   03  00  00  00  00  00  00  00
  000216   328041.000   012b   1   03  00  00  00  00  00  00  00
  000220   328142.000   012b   1   03  00  00  00  00  00  00  00
  000221   328241.000   012b   1   03  00  00  00  00  00  00  00
  000222   328342.000   012b   1   03  00  00  00  00  00  00  00
  000224   328441.000   012b   1   03  00  00  00  00  00  00  00
  000225   328542.000   012b   1   03  00  00  00  00  00  00  00
  000226   328641.000   012b   1   03  00  00  00  00  00  00  00
  000230   328742.000   012b   1   03  00  00  00  00  00  00  00
  000235   328841.000   012b   1   03  00  00  00  00  00  00  00
  000236   328942.000   012b   1   03  00  00  00  00  00  00  00
  000248   329041.000   012b   1   03  00  00  00  00  00  00  00
  000255   329142.000   012b   1   03  00  00  00  00  00  00  00
  000260   329242.000   012b   1   03  00  00  00  00  00  00  00
  000265   329342.000   012b   1   03  00  00  00  00  00  00  00
  000269   329441.000   012b   1   03  00  00  00  00  00  00  00
  000273   329542.000   012b   1   03  00  00  00  00  00  00  00
  000278   329641.000   012b   1   03  00  00  00  00  00  00  00
  000283   329742.000   012b   1   03  00  00  00  00  00  00  00
  000287   329841.000   012b   1   03  00  00  00  00  00  00  00
  000291   329942.000   012b   1   03  00  00  00  00  00  00  00
  000304   330042.000   012b   1   03  00  00  00  00  00  00  00
  000310   330142.000   012b   1   03  00  00  00  00  00  00  00
  000311   330252.000   012b   1   03  00  00  00  00  00  00  00
  000313   330341.000   012b   1   03  00  00  00  00  00  00  00
  000314   330441.000   012b   1   03  00  00  00  00  00  00  00
  000315   330541.000   012b   1   03  00  00  00  00  00  00  00
  000316   330641.000   012b   1   03  00  00  00  00  00  00  00
  000318   330742.000   012b   1   03  00  00  00  00  00  00  00
  000319   330841.000   012b   1   03  00  00  00  00  00  00  00
  000320   330942.000   012b   1   03  00  00  00  00  00  00  00
  000330   331041.000   012b   1   03  00  00  00  00  00  00  00
  000334   331142.000   012b   1   03  00  00  00  00  00  00  00
  000338   331241.000   012b   1   03  00  00  00  00  00  00  00
  000343   331342.000   012b   1   03  00  00  00  00  00  00  00
  000347   331441.000   012b   1   03  00  00  00  00  00  00  00
  000352   331542.000   012b   1   03  00  00  00  00  00  00  00
  000356   331641.000   012b   1   03  00  00  00  00  00  00  00
  000359   331742.000   012b   1   03  00  00  00  00  00  00  00
  000360   331841.000   012b   1   03  00  00  00  00  00  00  00
  000362   331942.000   012b   1   03  00  00  00  00  00  00  00
  000372   332042.000   012b   1   03  00  00  00  00  00  00  00
  000375   332141.000   012b   1   03  00  00  00  00  00  00  00
  000377   332241.000   012b   1   03  00  00  00  00  00  00  00
  000378   332342.000   012b   1   03  00  00  00  00  00  00  00
  000379   332441.000   012b   1   03  00  00  00  00  00  00  00
  000380   332542.000   012b   1   03  00  00  00  00  00  00  00
  000382   332641.000   012b   1   03  00  00  00  00  00  00  00
  000384   332742.000   012b   1   03  00  00  00  00  00  00  00
  000388   332841.000   012b   1   03  00  00  00  00  00  00  00
  000393   332942.000   012b   1   03  00  00  00  00  00  00  00
  000406   333041.000   012b   1   03  00  00  00  00  00  00  00
  000412   333142.000   012b   1   03  00  00  00  00  00  00  00
  000416   333241.000   012b   1   03  00  00  00  00  00  00  00
  000418   333342.000   012b   1   03  00  00  00  00  00  00  00
  000420   333441.000   012b   1   03  00  00  00  00  00  00  00
  000421   333541.000   012b   1   03  00  00  00  00  00  00  00
  000422   333641.000   012b   1   03  00  00  00  00  00  00  00
  000423   333662.000   012b   1   01  00  00  00  00  00  00  00
  000425   333691.000   012b   1   00  00  00  00  00  00  00  00
  000426   333721.000   012b   1   00  00  00  00  00  00  00  00
  000431   333821.000   012b   1   00  00  00  00  00  00  00  00
  000435   333921.000   012b   1   00  00  00  00  00  00  00  00
  000448   334021.000   012b   1   00  00  00  00  00  00  00  00
  000455   334121.000   012b   1   00  00  00  00  00  00  00  00
  000459   334221.000   012b   1   00  00  00  00  00  00  00  00
  000464   334321.000   012b   1   00  00  00  00  00  00  00  00
  000469   334421.000   012b   1   00  00  00  00  00  00  00  00
  000472   334521.000   012b   1   00  00  00  00  00  00  00  00
  000473   334621.000   012b   1   00  00  00  00  00  00  00  00
