  000008   324016.000   0317   8   00  00  00  00  00  00  3a  00
  000064   325012.000   0317   8   00  00  00  00  00  00  3a  00
  000087   325582.000   0317   8   00  00  00  00  00  00  3c  00
  000113   326003.000   0317   8   00  00  00  00  00  00  3c  00
  000168   327002.000   0317   8   00  00  00  00  00  00  3c  00
  000212   328003.000   0317   8   00  00  00  00  00  00  3c  00
  000241   328983.000   0317   8   00  00  00  00  00  00  12  00
  000244   329013.000   0317   8   00  00  00  00  00  00  12  00
  000300   330003.000   0317   8   00  00  00  00  00  00  12  00
  000326   331002.000   0317   8   00  00  00  00  00  00  12  00
  000368   332003.000   0317   8   00  00  00  00  00  00  12  00
  000402   333002.000   0317   8   00  00  00  00  00  00  12  00
  000424   333672.000   0317   8   00  00  00  00  00  00  3a  00
  000443   333983.000   0317   8   00  00  00  00  00  00  3a  00
