  000004   323986.000   0302   8   00  00  00  00  00  00  00  00
  000060   324982.000   0302   8   00  00  00  00  00  00  00  00
  000086   325543.000   0302   8   00  09  00  00  00  00  00  00
  000103   325902.000   0302   8   00  02  00  00  00  00  00  00
  000109   325972.000   0302   8   00  02  00  00  00  00  00  00
  000164   326972.000   0302   8   00  02  00  00  00  00  00  00
  000209   327972.000   0302   8   00  02  00  00  00  00  00  00
  000239   328972.000   0302   8   00  02  00  00  00  00  00  00
  000296   329972.000   0302   8   00  02  00  00  00  00  00  00
  000323   330972.000   0302   8   00  02  00  00  00  00  00  00
  000365   331972.000   0302   8   00  02  00  00  00  00  00  00
  000397   332972.000   0302   8   00  02  00  00  00  00  00  00
  000439   333952.000   0302   8   00  02  00  00  00  00  00  00
  000466   334352.000   0302   8   00  00  00  00  00  00  00  00
