  000002   323965.000   022f   1   01  00  00  00  00  00  00  00
  000057   324961.000   022f   1   01  00  00  00  00  00  00  00
  000106   325951.000   022f   1   01  00  00  00  00  00  00  00
  000162   326951.000   022f   1   01  00  00  00  00  00  00  00
  000207   327951.000   022f   1   01  00  00  00  00  00  00  00
  000237   328951.000   022f   1   01  00  00  00  00  00  00  00
  000293   329952.000   022f   1   01  00  00  00  00  00  00  00
  000321   330951.000   022f   1   00  00  00  00  00  00  00  00
  000363   331951.000   022f   1   00  00  00  00  00  00  00  00
  000394   332951.000   022f   1   00  00  00  00  00  00  00  00
  000437   333931.000   022f   1   02  00  00  00  00  00  00  00
