  000006   323997.000   0328   8   40  41  00  4d  00  55  00  53
  000009   324026.000   0328   8   30  01  00  49  00  43  00  20
  000014   324056.000   0328   8   20  01  00  4f  00  46  00  46
  000017   324086.000   0328   8   10  01  00  00  00  00  00  00
  000018   324116.000   0328   8   00  01  00  00  00  00  00  00
  000019   324146.000   0328   8   00  00  00  00  00  00  00  00
  000021   324180.000   0328   8   40  42  00  00  00  00  00  00
  000022   324206.000   0328   8   30  02  00  00  00  00  00  00
  000023   324236.000   0328   8   20  02  00  00  00  00  00  00
  000025   324266.000   0328   8   10  02  00  00  00  00  00  00
  000026   324296.000   0328   8   00  02  00  00  00  00  00  00
  000028   324327.000   0328   8   00  00  00  00  00  00  00  00
  000030   324356.000   0328   8   40  43  00  00  00  00  00  00
  000031   324386.000   0328   8   30  03  00  00  00  00  00  00
  000032   324416.000   0328   8   20  03  00  00  00  00  00  00
  000033   324446.000   0328   8   10  03  00  00  00  00  00  00
  000035   324476.000   0328   8   00  03  00  00  00  00  00  00
  000036   324506.000   0328   8   00  00  00  00  00  00  00  00
  000037   324532.000   0328   8   40  44  00  00  00  00  00  00
  000039   324572.000   0328   8   40  41  00  4d  00  55  00  53
  000040   324602.000   0328   8   30  01  00  49  00  43  00  20
  000041   324632.000   0328   8   20  01  00  4f  00  46  00  46
  000043   324662.000   0328   8   10  01  00  00  00  00  00  00
  000045   324692.000   0328   8   00  01  00  00  00  00  00  00
  000046   324722.000   0328   8   00  00  00  00  00  00  00  00
  000048   324752.000   0328   8   40  42  00  00  00  00  00  00
  000049   324782.000   0328   8   30  02  00  00  00  00  00  00
  000050   324812.000   0328   8   20  02  00  00  00  00  00  00
  000051   324842.000   0328   8   10  02  00  00  00  00  00  00
  000053   324872.000   0328   8   00  02  00  00  00  00  00  00
  000054   324902.000   0328   8   00  00  00  00  00  00  00  00
  000055   324932.000   0328   8   40  43  00  00  00  00  00  00
  000058   324962.000   0328   8   30  03  00  00  00  00  00  00
  000062   324993.000   0328   8   20  03  00  00  00  00  00  00
  000065   325022.000   0328   8   10  03  00  00  00  00  00  00
  000070   325052.000   0328   8   00  03  00  00  00  00  00  00
  000073   325082.000   0328   8   00  00  00  00  00  00  00  00
  000074   325112.000   0328   8   40  44  00  00  00  00  00  00
  000075   325142.000   0328   8   30  04  00  00  00  00  00  00
  000077   325172.000   0328   8   20  04  00  00  00  00  00  00
  000078   325202.000   0328   8   10  04  00  00  00  00  00  00
  000079   325232.000   0328   8   00  04  00  00  00  00  00  00
  000081   325262.000   0328   8   00  00  00  00  00  00  00  00
  000088   325622.000   0328   8   40  41  00  4c  00  4f  00  43
  000090   325652.000   0328   8   30  01  00  4b  00  45  00  44
  000091   325682.000   0328   8   20  01  00  20  00  52  00  41
  000092   325712.000   0328   8   10  01  00  44  00  49  00  4f
  000094   325743.000   0328   8   00  01  00  00  00  00  00  00
  000096   325773.000   0328   8   00  00  00  00  00  00  00  00
  000097   325802.000   0328   8   40  42  00  00  00  00  00  00
  000098   325832.000   0328   8   30  02  00  00  00  00  00  00
  000100   325862.000   0328   8   20  02  00  00  00  00  00  00
  000102   325892.000   0328   8   10  02  00  00  00  00  00  00
  000104   325922.000   0328   8   00  02  00  00  00  00  00  00
  000107   325952.000   0328   8   00  00  00  00  00  00  00  00
  000111   325983.000   0328   8   40  43  00  00  00  00  00  00
  000114   326012.000   0328   8   30  03  00  00  00  00  00  00
  000118   326042.000   0328   8   20  03  00  00  00  00  00  00
  000121   326072.000   0328   8   10  03  00  00  00  00  00  00
  000122   326102.000   0328   8   00  03  00  00  00  00  00  00
  000123   326132.000   0328   8   00  00  00  00  00  00  00  00
  000126   326162.000   0328   8   40  44  00  00  00  00  00  00
  000127   326192.000   0328   8   30  04  00  00  00  00  00  00
  000128   326232.000   0328   8   40  41  00  4c  00  4f  00  43
  000130   326262.000   0328   8   30  01  00  4b  00  45  00  44
  000131   326292.000   0328   8   20  01  00  20  00  52  00  41
  000132   326322.000   0328   8   10  01  00  44  00  49  00  4f
  000134   326352.000   0328   8   00  01  00  00  00  00  00  00
  000136   326383.000   0328   8   00  00  00  00  00  00  00  00
  000137   326412.000   0328   8   40  42  00  00  00  00  00  00
  000139   326442.000   0328   8   30  02  00  00  00  00  00  00
  000140   326472.000   0328   8   20  02  00  00  00  00  00  00
  000141   326502.000   0328   8   10  02  00  00  00  00  00  00
  000143   326533.000   0328   8   00  02  00  00  00  00  00  00
  000145   326562.000   0328   8   00  00  00  00  00  00  00  00
  000146   326592.000   0328   8   40  43  00  00  00  00  00  00
  000147   326622.000   0328   8   30  03  00  00  00  00  00  00
  000149   326652.000   0328   8   20  03  00  00  00  00  00  00
  000150   326712.000   0328   8   40  41  00  4c  00  4f  00  43
  000152   326743.000   0328   8   30  01  00  4b  00  45  00  44
  000153   326772.000   0328   8   20  01  00  20  00  52  00  41
  000154   326802.000   0328   8   10  01  00  44  00  49  00  4f
  000155   326832.000   0328   8   00  01  00  00  00  00  00  00
  000157   326862.000   0328   8   00  00  00  00  00  00  00  00
  000159   326913.000   0328   8   40  41  00  4c  00  4f  00  43
  000161   326943.000   0328   8   30  01  00  4b  00  45  00  44
  000165   326973.000   0328   8   20  01  00  20  00  52  00  41
  000169   327003.000   0328   8   10  01  00  44  00  49  00  4f
  000171   327032.000   0328   8   00  01  00  00  00  00  00  00
  000176   327062.000   0328   8   00  00  00  00  00  00  00  00
  000177   327092.000   0328   8   40  42  00  00  00  00  00  00
  000178   327122.000   0328   8   30  02  00  00  00  00  00  00
  000180   327152.000   0328   8   20  02  00  00  00  00  00  00
  000181   327182.000   0328   8   10  02  00  00  00  00  00  00
  000182   327216.000   0328   8   00  02  00  00  00  00  00  00
  000184   327242.000   0328   8   00  00  00  00  00  00  00  00
  000185   327272.000   0328   8   40  43  00  00  00  00  00  00
  000188   327303.000   0328   8   30  03  00  00  00  00  00  00
  000189   327332.000   0328   8   20  03  00  00  00  00  00  00
  000191   327362.000   0328   8   10  03  00  00  00  00  00  00
  000192   327392.000   0328   8   00  03  00  00  00  00  00  00
  000193   327422.000   0328   8   00  00  00  00  00  00  00  00
  000195   327452.000   0328   8   40  44  00  00  00  00  00  00
  000196   327482.000   0328   8   30  04  00  00  00  00  00  00
  000197   327512.000   0328   8   20  04  00  00  00  00  00  00
  000199   327543.000   0328   8   10  04  00  00  00  00  00  00
  000200   327572.000   0328   8   00  04  00  00  00  00  00  00
  000201   327602.000   0328   8   00  00  00  00  00  00  00  00
  000213   328012.000   0328   8   00  00  00  00  00  00  00  00
  000227   328662.000   0328   8   40  41  00  4c  00  4f  00  43
  000228   328692.000   0328   8   30  01  00  4b  00  45  00  44
  000229   328722.000   0328   8   20  01  00  20  00  52  00  41
  000231   328752.000   0328   8   10  01  00  44  00  49  00  4f
  000232   328782.000   0328   8   00  01  00  00  00  00  00  00
  000234   328813.000   0328   8   00  00  00  00  00  00  00  00
  000245   329014.000   0328   8   00  00  00  00  00  00  00  00
  000251   329062.000   0328   8   40  41  00  53  00  58  00  4d
  000252   329092.000   0328   8   30  01  00  20  00  52  00  64
  000254   329123.000   0328   8   20  01  00  68  00  6f  00  75
  000256   329152.000   0328   8   10  01  00  73  00  65  00  00
  000257   329182.000   0328   8   00  01  00  00  00  00  00  00
  000259   329212.000   0328   8   00  00  00  00  00  00  00  00
  000261   329243.000   0328   8   40  42  00  00  00  00  00  00
  000262   329272.000   0328   8   30  02  00  00  00  00  00  00
  000263   329302.000   0328   8   20  02  00  00  00  00  00  00
  000264   329332.000   0328   8   10  02  00  00  00  00  00  00
  000266   329362.000   0328   8   00  02  00  00  00  00  00  00
  000267   329402.000   0328   8   40  41  00  53  00  58  00  4d
  000268   329432.000   0328   8   30  01  00  20  00  52  00  64
  000270   329462.000   0328   8   20  01  00  68  00  6f  00  75
  000271   329492.000   0328   8   10  01  00  73  00  65  00  00
  000272   329522.000   0328   8   00  01  00  00  00  00  00  00
  000274   329552.000   0328   8   00  00  00  00  00  00  00  00
  000276   329582.000   0328   8   40  42  00  00  00  00  00  00
  000277   329612.000   0328   8   30  02  00  00  00  00  00  00
  000279   329643.000   0328   8   20  02  00  00  00  00  00  00
  000280   329672.000   0328   8   10  02  00  00  00  00  00  00
  000281   329702.000   0328   8   00  02  00  00  00  00  00  00
  000282   329732.000   0328   8   00  00  00  00  00  00  00  00
  000284   329762.000   0328   8   40  43  00  00  00  00  00  00
  000285   329792.000   0328   8   30  03  00  00  00  00  00  00
  000286   329822.000   0328   8   20  03  00  00  00  00  00  00
  000288   329852.000   0328   8   10  03  00  00  00  00  00  00
  000289   329882.000   0328   8   00  03  00  00  00  00  00  00
  000290   329912.000   0328   8   00  00  00  00  00  00  00  00
  000294   329953.000   0328   8   40  44  00  00  00  00  00  00
  000298   329983.000   0328   8   30  04  00  00  00  00  00  00
  000301   330012.000   0328   8   20  04  00  00  00  00  00  00
  000305   330043.000   0328   8   10  04  00  00  00  00  00  00
  000308   330072.000   0328   8   00  04  00  00  00  00  00  00
  000309   330102.000   0328   8   00  00  00  00  00  00  00  00
  000327   331012.000   0328   8   00  00  00  00  00  00  00  00
  000335   331152.000   0328   8   40  41  00  53  00  58  00  4d
  000336   331182.000   0328   8   30  01  00  20  00  52  00  64
  000337   331212.000   0328   8   20  01  00  68  00  6f  00  75
  000339   331242.000   0328   8   10  01  00  73  00  65  00  00
  000340   331272.000   0328   8   00  01  00  00  00  00  00  00
  000341   331302.000   0328   8   00  00  00  00  00  00  00  00
  000342   331332.000   0328   8   40  42  00  00  00  00  00  00
  000344   331362.000   0328   8   30  02  00  00  00  00  00  00
  000345   331392.000   0328   8   20  02  00  00  00  00  00  00
  000346   331422.000   0328   8   10  02  00  00  00  00  00  00
  000348   331452.000   0328   8   00  02  00  00  00  00  00  00
  000350   331482.000   0328   8   00  00  00  00  00  00  00  00
  000351   331512.000   0328   8   40  43  00  00  00  00  00  00
  000353   331552.000   0328   8   30  03  00  00  00  00  00  00
  000354   331582.000   0328   8   20  03  00  00  00  00  00  00
  000355   331612.000   0328   8   10  03  00  00  00  00  00  00
  000357   331642.000   0328   8   00  03  00  00  00  00  00  00
  000358   331672.000   0328   8   00  00  00  00  00  00  00  00
  000369   332012.000   0328   8   00  00  00  00  00  00  00  00
  000383   332722.000   0328   8   40  41  00  53  00  58  00  4d
  000385   332752.000   0328   8   30  01  00  20  00  52  00  64
  000386   332782.000   0328   8   20  01  00  68  00  6f  00  75
  000387   332812.000   0328   8   10  01  00  73  00  65  00  00
  000389   332842.000   0328   8   00  01  00  00  00  00  00  00
  000390   332872.000   0328   8   00  00  00  00  00  00  00  00
  000391   332902.000   0328   8   40  42  00  00  00  00  00  00
  000392   332932.000   0328   8   30  02  00  00  00  00  00  00
  000396   332963.000   0328   8   20  02  00  00  00  00  00  00
  000401   332995.000   0328   8   10  02  00  00  00  00  00  00
  000403   333022.000   0328   8   00  02  00  00  00  00  00  00
  000408   333052.000   0328   8   00  00  00  00  00  00  00  00
  000410   333082.000   0328   8   40  43  00  00  00  00  00  00
  000411   333112.000   0328   8   30  03  00  00  00  00  00  00
  000413   333152.000   0328   8   20  03  00  00  00  00  00  00
  000414   333182.000   0328   8   10  03  00  00  00  00  00  00
  000415   333212.000   0328   8   00  03  00  00  00  00  00  00
  000417   333242.000   0328   8   00  00  00  00  00  00  00  00
  000428   333742.000   0328   8   40  41  00  4d  00  55  00  53
  000429   333772.000   0328   8   30  01  00  49  00  43  00  20
  000430   333802.000   0328   8   20  01  00  4f  00  46  00  46
  000432   333832.000   0328   8   10  01  00  00  00  00  00  00
  000433   333862.000   0328   8   00  01  00  00  00  00  00  00
  000434   333892.000   0328   8   00  00  00  00  00  00  00  00
  000436   333922.000   0328   8   40  42  00  00  00  00  00  00
  000440   333953.000   0328   8   30  02  00  00  00  00  00  00
  000444   333985.000   0328   8   20  02  00  00  00  00  00  00
  000446   334013.000   0328   8   10  02  00  00  00  00  00  00
  000451   334042.000   0328   8   00  02  00  00  00  00  00  00
  000452   334073.000   0328   8   00  00  00  00  00  00  00  00
  000453   334102.000   0328   8   40  43  00  00  00  00  00  00
  000456   334132.000   0328   8   30  03  00  00  00  00  00  00
  000457   334162.000   0328   8   20  03  00  00  00  00  00  00
  000458   334192.000   0328   8   10  03  00  00  00  00  00  00
  000460   334222.000   0328   8   00  03  00  00  00  00  00  00
  000461   334252.000   0328   8   00  00  00  00  00  00  00  00
  000462   334282.000   0328   8   40  44  00  00  00  00  00  00
  000463   334312.000   0328   8   30  04  00  00  00  00  00  00
  000465   334342.000   0328   8   20  04  00  00  00  00  00  00
  000467   334372.000   0328   8   10  04  00  00  00  00  00  00
  000468   334402.000   0328   8   00  04  00  00  00  00  00  00
  000470   334432.000   0328   8   00  00  00  00  00  00  00  00
