  000015   324057.000   0350   8   05  1e  0f  07  e5  09  10  01
  000071   325053.000   0350   8   06  1e  0f  07  e5  09  10  01
  000119   326043.000   0350   8   07  1e  0f  07  e5  09  10  01
  000174   327042.000   0350   8   08  1e  0f  07  e5  09  10  01
  000217   328042.000   0350   8   09  1e  0f  07  e5  09  10  01
  000249   329042.000   0350   8   0a  1e  0f  07  e5  09  10  01
  000306   330044.000   0350   8   0b  1e  0f  07  e5  09  10  01
  000331   331042.000   0350   8   0c  1e  0f  07  e5  09  10  01
  000373   332043.000   0350   8   0d  1e  0f  07  e5  09  10  01
  000407   333042.000   0350   8   0e  1e  0f  07  e5  09  10  01
  000449   334022.000   0350   8   0f  1e  0f  07  e5  09  10  01
