  000010   324036.000   032f   3   00  00  00  00  00  00  00  00
  000066   325032.000   032f   3   00  00  00  00  00  00  00  00
  000115   326022.000   032f   3   00  00  00  00  00  00  00  00
  000170   327022.000   032f   3   00  00  00  00  00  00  00  00
  000214   328022.000   032f   3   00  00  00  00  00  00  00  00
  000246   329022.000   032f   3   00  00  00  00  00  00  00  00
  000302   330022.000   032f   3   00  00  00  00  00  00  00  00
  000328   331022.000   032f   3   00  00  00  00  00  00  00  00
  000370   332022.000   032f   3   00  00  00  00  00  00  00  00
  000404   333023.000   032f   3   00  00  00  00  00  00  00  00
  000445   334002.000   032f   3   00  00  00  00  00  00  00  00
