  000005   323996.000   030d   4   00  00  00  00  00  00  00  00
  000061   324992.000   030d   4   00  00  00  00  00  00  00  00
  000110   325982.000   030d   4   00  00  00  00  00  00  00  00
  000166   326982.000   030d   4   00  00  00  00  00  00  00  00
  000210   327982.000   030d   4   00  00  00  00  00  00  00  00
  000240   328982.000   030d   4   00  00  00  00  00  00  00  00
  000297   329982.000   030d   4   00  00  00  00  00  00  00  00
  000324   330982.000   030d   4   00  00  00  00  00  00  00  00
  000366   331982.000   030d   4   00  00  00  00  00  00  00  00
  000398   332982.000   030d   4   00  00  00  00  00  00  00  00
  000441   333962.000   030d   4   00  00  00  00  00  00  00  00
