  000012   324047.000   0342   5   00  00  00  00  00  00  00  00
  000068   325043.000   0342   5   00  00  00  00  00  00  00  00
  000116   326032.000   0342   5   00  00  00  00  00  00  00  00
  000172   327033.000   0342   5   00  00  00  00  00  00  00  00
  000215   328032.000   0342   5   00  00  00  00  00  00  00  00
  000247   329032.000   0342   5   00  00  00  00  00  00  00  00
  000303   330032.000   0342   5   00  00  00  00  00  00  00  00
  000329   331032.000   0342   5   00  00  00  00  00  00  00  00
  000371   332032.000   0342   5   00  00  00  00  00  00  00  00
  000405   333032.000   0342   5   00  00  00  00  00  00  00  00
  000447   334014.000   0342   5   00  00  00  00  00  00  00  00
