  000016   324066.000   035c   6   00  00  00  00  1f  00  00  00
  000072   325062.000   035c   6   00  00  00  00  1f  00  00  00
  000120   326052.000   035c   6   00  00  00  00  1f  00  00  00
  000175   327052.000   035c   6   00  00  00  00  1f  00  00  00
  000219   328053.000   035c   6   00  00  00  00  1f  00  00  00
  000250   329052.000   035c   6   00  00  00  00  1f  00  00  00
  000307   330052.000   035c   6   00  00  00  00  1f  00  00  00
  000332   331052.000   035c   6   00  00  00  00  1f  00  00  00
  000374   332052.000   035c   6   00  00  00  00  1f  00  00  00
  000409   333053.000   035c   6   00  00  00  00  1f  00  00  00
  000450   334032.000   035c   6   00  00  00  00  1f  00  00  00
